1.000000
0.999699
0.998795
0.997290
0.995185
0.992480
0.989176
0.985277
0.980785
0.975702
0.970031
0.963776
0.956940
0.949529
0.941544
0.932992
0.923880
0.914210
0.903989
0.893224
0.881921
0.870088
0.857729
0.844853
0.831470
0.817586
0.803208
0.788346
0.773010
0.757210
0.740951
0.724246
0.707107
0.689542
0.671559
0.653172
0.634393
0.615233
0.595699
0.575807
0.555570
0.534999
0.514103
0.492897
0.471397
0.449613
0.427555
0.405240
0.382683
0.359897
0.336890
0.313680
0.290285
0.266714
0.242980
0.219100
0.195090
0.170963
0.146730
0.122409
0.098017
0.073566
0.049068
0.024540
0.000000
0.999699
0.999398
0.998494
0.996989
0.994884
0.992180
0.988877
0.984979
0.980488
0.975407
0.969737
0.963483
0.956650
0.949240
0.941258
0.932708
0.923598
0.913932
0.903714
0.892951
0.881652
0.869822
0.857467
0.844595
0.831216
0.817336
0.802962
0.788104
0.772774
0.756978
0.740724
0.724024
0.706890
0.689330
0.671353
0.652971
0.634198
0.615044
0.595516
0.575630
0.555399
0.534834
0.513944
0.492745
0.471251
0.449474
0.427423
0.405114
0.382564
0.359784
0.336785
0.313582
0.290193
0.266630
0.242903
0.219030
0.195028
0.170908
0.146682
0.122368
0.097983
0.073539
0.049048
0.024527
-0.000006
0.998796
0.998494
0.997591
0.996088
0.993984
0.991282
0.987982
0.984087
0.979600
0.974523
0.968858
0.962610
0.955782
0.948380
0.940404
0.931863
0.922761
0.913103
0.902894
0.892141
0.880852
0.869033
0.856688
0.843828
0.830461
0.816593
0.802233
0.787388
0.772072
0.756290
0.740051
0.723366
0.706247
0.688703
0.670742
0.652377
0.633621
0.614484
0.594974
0.575106
0.554893
0.534347
0.513476
0.492295
0.470821
0.449064
0.427033
0.404744
0.382215
0.359455
0.336476
0.313295
0.289927
0.266385
0.242680
0.218828
0.194847
0.170750
0.146546
0.122253
0.097890
0.073469
0.048999
0.024500
-0.000011
0.997290
0.996989
0.996088
0.994586
0.992485
0.989787
0.986492
0.982603
0.978123
0.973053
0.967396
0.961157
0.954340
0.946948
0.938985
0.930456
0.921367
0.911724
0.901530
0.890794
0.879522
0.867720
0.855394
0.842553
0.829206
0.815359
0.801020
0.786198
0.770904
0.755147
0.738932
0.722272
0.705179
0.687662
0.669728
0.651390
0.632663
0.613554
0.594074
0.574235
0.554053
0.533538
0.512698
0.491550
0.470108
0.448383
0.426385
0.404131
0.381635
0.358910
0.335966
0.312819
0.289487
0.265980
0.242310
0.218494
0.194550
0.170488
0.146321
0.122065
0.097739
0.073353
0.048921
0.024458
-0.000016
0.995185
0.994884
0.993984
0.992485
0.990389
0.987696
0.984408
0.980527
0.976056
0.970996
0.965352
0.959126
0.952323
0.944946
0.937000
0.928488
0.919419
0.909796
0.899624
0.888910
0.877661
0.865885
0.853585
0.840770
0.827452
0.813634
0.799325
0.784534
0.769273
0.753548
0.737368
0.720743
0.703686
0.686206
0.668310
0.650011
0.631323
0.612255
0.592816
0.573019
0.552880
0.532407
0.511612
0.490508
0.469112
0.447433
0.425481
0.403274
0.380826
0.358149
0.335253
0.312155
0.288872
0.265415
0.241795
0.218029
0.194135
0.170124
0.146008
0.121803
0.097528
0.073194
0.048813
0.024402
-0.000020
0.992480
0.992180
0.991282
0.989787
0.987696
0.985010
0.981731
0.977860
0.973401
0.968355
0.962726
0.956517
0.949732
0.942375
0.934450
0.925962
0.916917
0.907320
0.897176
0.886491
0.875273
0.863528
0.851261
0.838482
0.825199
0.811419
0.797149
0.782398
0.767179
0.751497
0.735360
0.718780
0.701770
0.684337
0.666490
0.648241
0.629604
0.610587
0.591200
0.571458
0.551373
0.530957
0.510218
0.489171
0.467833
0.446213
0.424321
0.402174
0.379787
0.357171
0.334338
0.311303
0.288083
0.264690
0.241134
0.217433
0.193604
0.169658
0.145607
0.121468
0.097259
0.072991
0.048676
0.024332
-0.000024
0.989177
0.988877
0.987982
0.986492
0.984407
0.981731
0.978462
0.974604
0.970159
0.965130
0.959520
0.953331
0.946568
0.939236
0.931337
0.922877
0.913863
0.904298
0.894187
0.883537
0.872357
0.860651
0.848425
0.835688
0.822449
0.808715
0.794492
0.779791
0.764622
0.748992
0.732909
0.716384
0.699431
0.682056
0.664268
0.646079
0.627504
0.608551
0.589229
0.569552
0.549534
0.529186
0.508516
0.487540
0.466272
0.444724
0.422905
0.400832
0.378519
0.355979
0.333221
0.310263
0.287120
0.263805
0.240328
0.216706
0.192956
0.169090
0.145119
0.121060
0.096931
0.072744
0.048510
0.024247
-0.000028
0.985277
0.984979
0.984087
0.982603
0.980526
0.977860
0.974604
0.970761
0.966334
0.961324
0.955735
0.949571
0.942835
0.935532
0.927663
0.919237
0.910257
0.900730
0.890659
0.880051
0.868915
0.857255
0.845077
0.832390
0.819203
0.805523
0.791357
0.776713
0.761604
0.746035
0.730016
0.713557
0.696670
0.679363
0.661645
0.643528
0.625027
0.606148
0.586902
0.567303
0.547364
0.527096
0.506508
0.485614
0.464430
0.442967
0.421234
0.399248
0.377023
0.354572
0.331904
0.309036
0.285985
0.262762
0.239377
0.215848
0.192191
0.168419
0.144543
0.120579
0.096546
0.072454
0.048315
0.024147
-0.000032
0.980785
0.980488
0.979600
0.978122
0.976055
0.973400
0.970159
0.966334
0.961926
0.956940
0.951376
0.945239
0.938534
0.931264
0.923432
0.915043
0.906105
0.896620
0.886595
0.876035
0.864950
0.853343
0.841220
0.828591
0.815465
0.801847
0.787745
0.773168
0.758127
0.742630
0.726684
0.710299
0.693489
0.676262
0.658624
0.640591
0.622173
0.603381
0.584223
0.564712
0.544865
0.524689
0.504194
0.483396
0.462309
0.440944
0.419310
0.397424
0.375301
0.352952
0.330387
0.307623
0.284677
0.261560
0.238282
0.214860
0.191311
0.167648
0.143880
0.120026
0.096102
0.072120
0.048091
0.024033
-0.000036
0.975702
0.975407
0.974523
0.973052
0.970995
0.968354
0.965130
0.961324
0.956940
0.951979
0.946444
0.940339
0.933668
0.926436
0.918644
0.910299
0.901406
0.891971
0.881997
0.871492
0.860464
0.848917
0.836857
0.824293
0.811235
0.797688
0.783659
0.769157
0.754194
0.738778
0.722913
0.706614
0.689891
0.672753
0.655207
0.637266
0.618944
0.600249
0.581191
0.561782
0.542037
0.521966
0.501577
0.480887
0.459909
0.438655
0.417133
0.395360
0.373352
0.351119
0.328671
0.306025
0.283198
0.260201
0.237043
0.213743
0.190316
0.166775
0.143131
0.119400
0.095600
0.071742
0.047838
0.023905
-0.000039
0.970031
0.969737
0.968858
0.967396
0.965351
0.962725
0.959519
0.955735
0.951376
0.946444
0.940941
0.934871
0.928239
0.921048
0.913302
0.905005
0.896164
0.886783
0.876867
0.866423
0.855458
0.843979
0.831989
0.819499
0.806516
0.793047
0.779099
0.764682
0.749807
0.734479
0.718707
0.702503
0.685877
0.668838
0.651394
0.633558
0.615342
0.596756
0.577808
0.558512
0.538882
0.518928
0.498658
0.478088
0.457232
0.436101
0.414705
0.393059
0.371178
0.349074
0.326757
0.304243
0.281549
0.258685
0.235662
0.212497
0.189207
0.165802
0.142295
0.118702
0.095041
0.071322
0.047556
0.023762
-0.000043
0.963776
0.963482
0.962609
0.961156
0.959125
0.956515
0.953329
0.949570
0.945239
0.940339
0.934871
0.928840
0.922251
0.915106
0.907409
0.899166
0.890382
0.881062
0.871210
0.860833
0.849939
0.838533
0.826620
0.814210
0.801311
0.787929
0.774071
0.759747
0.744968
0.729739
0.714069
0.697968
0.681450
0.664521
0.647190
0.629469
0.611371
0.592904
0.574078
0.554907
0.535404
0.515578
0.495439
0.475001
0.454280
0.433285
0.412027
0.390520
0.368781
0.346820
0.324646
0.302278
0.279730
0.257013
0.234138
0.211123
0.187983
0.164730
0.141374
0.117933
0.094424
0.070858
0.047246
0.023606
-0.000046
0.956940
0.956649
0.955782
0.954338
0.952321
0.949730
0.946567
0.942834
0.938533
0.933668
0.928239
0.922250
0.915707
0.908613
0.900971
0.892786
0.884065
0.874810
0.865028
0.854725
0.843908
0.832583
0.820755
0.808433
0.795625
0.782338
0.768578
0.754356
0.739681
0.724560
0.709001
0.693015
0.676614
0.659805
0.642596
0.625001
0.607031
0.588696
0.570003
0.550968
0.531603
0.511918
0.491921
0.471629
0.451055
0.430209
0.409101
0.387747
0.366162
0.344357
0.322341
0.300130
0.277742
0.255187
0.232474
0.209622
0.186646
0.163558
0.140368
0.117093
0.093751
0.070352
0.046908
0.023435
-0.000049
0.949529
0.949239
0.948379
0.946946
0.944944
0.942373
0.939234
0.935530
0.931263
0.926434
0.921047
0.915105
0.908613
0.901573
0.893990
0.885869
0.877214
0.868032
0.858325
0.848102
0.837369
0.826132
0.814395
0.802168
0.789460
0.776276
0.762623
0.748510
0.733949
0.718945
0.703507
0.687644
0.671370
0.654691
0.637616
0.620157
0.602326
0.584133
0.565585
0.546697
0.527482
0.507949
0.488108
0.467973
0.447558
0.426874
0.405930
0.384741
0.363323
0.341686
0.319841
0.297802
0.275588
0.253207
0.230671
0.207995
0.185197
0.162288
0.139277
0.116183
0.093021
0.069804
0.046541
0.023250
-0.000052
0.941544
0.941257
0.940403
0.938983
0.936998
0.934448
0.931335
0.927662
0.923430
0.918642
0.913300
0.907408
0.900970
0.893990
0.886470
0.878416
0.869835
0.860730
0.851104
0.840967
0.830324
0.819181
0.807544
0.795420
0.782818
0.769745
0.756207
0.742213
0.727774
0.712897
0.697588
0.681859
0.665721
0.649183
0.632251
0.614939
0.597258
0.579218
0.560826
0.542097
0.523043
0.503675
0.484001
0.464035
0.443792
0.423281
0.402513
0.381503
0.360265
0.338810
0.317148
0.295295
0.273267
0.251075
0.228728
0.206243
0.183637
0.160920
0.138103
0.115203
0.092236
0.069214
0.046146
0.023051
-0.000055
0.932992
0.932708
0.931862
0.930454
0.928486
0.925960
0.922875
0.919235
0.915041
0.910297
0.905003
0.899165
0.892785
0.885868
0.878416
0.870435
0.861932
0.852909
0.843371
0.833326
0.822779
0.811738
0.800206
0.788192
0.775704
0.762750
0.749335
0.735468
0.721160
0.706418
0.691248
0.675662
0.659671
0.643283
0.626505
0.609350
0.591830
0.573954
0.555729
0.537170
0.518290
0.499097
0.479601
0.459817
0.439758
0.419433
0.398854
0.378034
0.356989
0.335729
0.314264
0.292610
0.270782
0.248791
0.226647
0.204366
0.181965
0.159455
0.136845
0.114153
0.091395
0.068582
0.045724
0.022838
-0.000058
0.923880
0.923598
0.922759
0.921366
0.919417
0.916915
0.913860
0.910255
0.906103
0.901404
0.896162
0.890380
0.884063
0.877213
0.869835
0.861932
0.853511
0.844576
0.835131
0.825183
0.814740
0.803806
0.792387
0.780490
0.768125
0.755297
0.742013
0.728282
0.714114
0.699515
0.684494
0.669060
0.653225
0.636997
0.620383
0.603395
0.586046
0.568345
0.550298
0.531920
0.513224
0.494219
0.474914
0.455323
0.435459
0.415334
0.394955
0.374339
0.353500
0.332447
0.311192
0.289749
0.268134
0.246358
0.224430
0.202367
0.180185
0.157894
0.135505
0.113035
0.090499
0.067908
0.045274
0.022612
-0.000061
0.914210
0.913931
0.913102
0.911722
0.909794
0.907318
0.904295
0.900728
0.896618
0.891968
0.886781
0.881060
0.874809
0.868031
0.860729
0.852908
0.844575
0.835734
0.826388
0.816544
0.806210
0.795391
0.784091
0.772319
0.760083
0.747389
0.734244
0.720656
0.706636
0.692191
0.677327
0.662054
0.646385
0.630327
0.613887
0.597077
0.579910
0.562393
0.544536
0.526350
0.507850
0.489044
0.469941
0.450555
0.430899
0.410984
0.390819
0.370418
0.349797
0.328965
0.307932
0.286713
0.265325
0.243776
0.222078
0.200246
0.178296
0.156239
0.134084
0.111849
0.089549
0.067195
0.044797
0.022372
-0.000063
0.903989
0.903713
0.902893
0.901529
0.899622
0.897173
0.894184
0.890656
0.886592
0.881994
0.876865
0.871208
0.865027
0.858324
0.851104
0.843370
0.835131
0.826388
0.817146
0.807413
0.797194
0.786495
0.775321
0.763681
0.751582
0.739030
0.726032
0.712596
0.698733
0.684449
0.669751
0.654649
0.639156
0.623277
0.607020
0.590399
0.573423
0.556103
0.538445
0.520463
0.502170
0.483574
0.464684
0.445514
0.426079
0.406387
0.386447
0.366274
0.345883
0.325284
0.304486
0.283505
0.262355
0.241048
0.219592
0.198004
0.176300
0.154489
0.132582
0.110595
0.088544
0.066440
0.044293
0.022119
-0.000066
0.893224
0.892950
0.892140
0.890792
0.888907
0.886487
0.883534
0.880048
0.876032
0.871489
0.866421
0.860831
0.854723
0.848101
0.840966
0.833324
0.825182
0.816544
0.807412
0.797794
0.787697
0.777126
0.766085
0.754584
0.742628
0.730226
0.717383
0.704107
0.690409
0.676295
0.661772
0.646850
0.631541
0.615851
0.599789
0.583365
0.566592
0.549477
0.532030
0.514262
0.496186
0.477812
0.459147
0.440206
0.421002
0.401544
0.381842
0.361909
0.341761
0.321407
0.300857
0.280125
0.259228
0.238174
0.216974
0.195643
0.174197
0.152646
0.131000
0.109275
0.087487
0.065646
0.043762
0.021852
-0.000068
0.881921
0.881652
0.880851
0.879520
0.877659
0.875270
0.872353
0.868912
0.864946
0.860461
0.855456
0.849937
0.843906
0.837367
0.830322
0.822778
0.814739
0.806210
0.797193
0.787697
0.777728
0.767290
0.756389
0.745033
0.733229
0.720984
0.708303
0.695195
0.681670
0.667735
0.653396
0.638663
0.623547
0.608056
0.592196
0.575981
0.559420
0.542522
0.525295
0.507752
0.489905
0.471763
0.453335
0.434633
0.415672
0.396460
0.377007
0.357327
0.337434
0.317338
0.297047
0.276578
0.255945
0.235157
0.214226
0.193165
0.171990
0.150711
0.129339
0.107889
0.086377
0.064812
0.043206
0.021573
-0.000070
0.870088
0.869822
0.869032
0.867718
0.865882
0.863525
0.860647
0.857251
0.853340
0.848914
0.843977
0.838531
0.832581
0.826129
0.819180
0.811736
0.803805
0.795390
0.786495
0.777125
0.767290
0.756993
0.746238
0.735034
0.723389
0.711307
0.698796
0.685865
0.672521
0.658772
0.644626
0.630090
0.615177
0.599894
0.584248
0.568249
0.551911
0.535240
0.518244
0.500936
0.483329
0.465430
0.447249
0.428798
0.410091
0.391138
0.371946
0.352529
0.332903
0.313077
0.293059
0.272864
0.252508
0.231999
0.211348
0.190570
0.169679
0.148686
0.127601
0.106439
0.085215
0.063940
0.042623
0.021280
-0.000072
0.857729
0.857466
0.856687
0.855392
0.853582
0.851258
0.848421
0.845073
0.841217
0.836854
0.831987
0.826619
0.820753
0.814393
0.807542
0.800204
0.792386
0.784090
0.775321
0.766085
0.756389
0.746238
0.735636
0.724591
0.713111
0.701201
0.688868
0.676119
0.662966
0.649412
0.635466
0.621137
0.606436
0.591370
0.575946
0.560175
0.544068
0.527634
0.510880
0.493818
0.476461
0.458816
0.440893
0.422704
0.404263
0.385579
0.366659
0.347519
0.328172
0.308627
0.288893
0.268985
0.248918
0.228701
0.208343
0.187860
0.167266
0.146571
0.125785
0.104924
0.084001
0.063028
0.042014
0.020975
-0.000074
0.844853
0.844594
0.843827
0.842551
0.840768
0.838478
0.835684
0.832386
0.828588
0.824290
0.819496
0.814208
0.808431
0.802166
0.795418
0.788190
0.780488
0.772317
0.763680
0.754583
0.745032
0.735033
0.724590
0.713711
0.702403
0.690673
0.678524
0.665967
0.653011
0.639661
0.625924
0.611810
0.597330
0.582490
0.567297
0.551763
0.535898
0.519711
0.503208
0.486402
0.469305
0.451926
0.434272
0.416356
0.398192
0.379788
0.361152
0.342299
0.323242
0.303991
0.284553
0.264944
0.245178
0.225265
0.205212
0.185037
0.164752
0.144368
0.123894
0.103346
0.082737
0.062079
0.041381
0.020657
-0.000076
0.831470
0.831215
0.830459
0.829203
0.827448
0.825195
0.822445
0.819200
0.815461
0.811232
0.806513
0.801309
0.795623
0.789458
0.782816
0.775702
0.768123
0.760081
0.751581
0.742628
0.733228
0.723387
0.713110
0.702403
0.691274
0.679729
0.667773
0.655415
0.642664
0.629526
0.616006
0.602116
0.587865
0.573260
0.558308
0.543020
0.527406
0.511476
0.495235
0.478695
0.461869
0.444764
0.427390
0.409758
0.391881
0.373769
0.355428
0.336874
0.318119
0.299172
0.280043
0.260744
0.241292
0.221693
0.201959
0.182103
0.162139
0.142078
0.121928
0.101705
0.081424
0.061093
0.040722
0.020327
-0.000078
0.817586
0.817335
0.816591
0.815357
0.813631
0.811415
0.808711
0.805519
0.801843
0.797684
0.793045
0.787927
0.782336
0.776273
0.769742
0.762748
0.755295
0.747387
0.739028
0.730224
0.720982
0.711306
0.701200
0.690672
0.679729
0.668376
0.656620
0.644468
0.631930
0.619011
0.605718
0.592059
0.578046
0.563686
0.548983
0.533950
0.518598
0.502933
0.486963
0.470699
0.454154
0.437335
0.420251
0.402913
0.385335
0.367525
0.349491
0.331246
0.312804
0.294174
0.275364
0.256388
0.237259
0.217988
0.198584
0.179059
0.159429
0.139703
0.119890
0.100004
0.080061
0.060070
0.040039
0.019985
-0.000080
0.803208
0.802960
0.802230
0.801017
0.799322
0.797145
0.794488
0.791352
0.787741
0.783655
0.779097
0.774069
0.768576
0.762620
0.756203
0.749332
0.742010
0.734241
0.726029
0.717381
0.708301
0.698795
0.688867
0.678523
0.667773
0.656620
0.645070
0.633132
0.620814
0.608123
0.595063
0.581645
0.567878
0.553770
0.539326
0.524558
0.509475
0.494086
0.478396
0.462418
0.446164
0.429641
0.412857
0.395825
0.378556
0.361058
0.343342
0.325418
0.307300
0.288997
0.270518
0.251876
0.233084
0.214152
0.195088
0.175907
0.156622
0.137243
0.117778
0.098242
0.078650
0.059010
0.039332
0.019630
-0.000081
0.788346
0.788103
0.787386
0.786195
0.784531
0.782394
0.779786
0.776709
0.773164
0.769153
0.764679
0.759744
0.754353
0.748506
0.742209
0.735465
0.728278
0.720653
0.712593
0.704105
0.695193
0.685863
0.676118
0.665966
0.655414
0.644468
0.633132
0.621414
0.609325
0.596868
0.584050
0.570880
0.557368
0.543521
0.529345
0.514849
0.500046
0.484941
0.469541
0.453860
0.437906
0.421689
0.405215
0.388498
0.371548
0.354375
0.336986
0.319394
0.301611
0.283647
0.265510
0.247212
0.228768
0.210186
0.191475
0.172649
0.153721
0.134700
0.115596
0.096422
0.077192
0.057915
0.038601
0.019264
-0.000083
0.773010
0.772772
0.772069
0.770901
0.769269
0.767174
0.764617
0.761599
0.758123
0.754190
0.749803
0.744964
0.739677
0.733945
0.727769
0.721156
0.714110
0.706633
0.698730
0.690406
0.681668
0.672519
0.662964
0.653009
0.642663
0.631930
0.620814
0.609325
0.597470
0.585255
0.572687
0.559773
0.546524
0.532946
0.519046
0.504832
0.490316
0.475505
0.460405
0.445028
0.429385
0.413483
0.397330
0.380938
0.364318
0.347479
0.330428
0.313178
0.295741
0.278127
0.260342
0.242400
0.224315
0.206095
0.187748
0.169288
0.150728
0.132077
0.113344
0.094543
0.075687
0.056786
0.037847
0.018886
-0.000084
0.757210
0.756977
0.756288
0.755143
0.753545
0.751492
0.748987
0.746031
0.742625
0.738773
0.734475
0.729735
0.724556
0.718941
0.712892
0.706414
0.699511
0.692188
0.684446
0.676292
0.667733
0.658770
0.649411
0.639659
0.629524
0.619010
0.608122
0.596868
0.585255
0.573290
0.560979
0.548329
0.535351
0.522051
0.508434
0.494511
0.480292
0.465783
0.450992
0.435929
0.420606
0.405029
0.389206
0.373149
0.356868
0.340373
0.323671
0.306773
0.289693
0.272439
0.255018
0.237443
0.219727
0.201879
0.183907
0.165824
0.147644
0.129374
0.111024
0.092607
0.074137
0.055622
0.037071
0.018497
-0.000086
0.740951
0.740723
0.740048
0.738929
0.737364
0.735355
0.732904
0.730011
0.726679
0.722909
0.718704
0.714065
0.708997
0.703502
0.697583
0.691244
0.684490
0.677323
0.669748
0.661769
0.653393
0.644623
0.635464
0.625922
0.616005
0.605716
0.595062
0.584049
0.572686
0.560978
0.548931
0.536553
0.523853
0.510839
0.497515
0.483891
0.469976
0.455779
0.441306
0.426566
0.411572
0.396329
0.380846
0.365134
0.349203
0.333062
0.316718
0.300183
0.283470
0.266586
0.249539
0.232341
0.215006
0.197542
0.179955
0.162261
0.144471
0.126593
0.108637
0.090616
0.072542
0.054424
0.036272
0.018097
-0.000087
0.724246
0.724023
0.723363
0.722269
0.720739
0.718776
0.716379
0.713552
0.710294
0.706609
0.702499
0.697965
0.693011
0.687640
0.681854
0.675658
0.669056
0.662051
0.654646
0.646847
0.638659
0.630087
0.621134
0.611808
0.602114
0.592058
0.581644
0.570879
0.559772
0.548328
0.536552
0.524454
0.512041
0.499319
0.486296
0.472979
0.459378
0.445501
0.431354
0.416947
0.402290
0.387391
0.372257
0.356899
0.341327
0.325550
0.309574
0.293413
0.277076
0.260572
0.243910
0.227100
0.210156
0.193085
0.175895
0.158599
0.141210
0.123736
0.106185
0.088570
0.070904
0.053194
0.035451
0.017686
-0.000088
0.707107
0.706889
0.706245
0.705176
0.703683
0.701766
0.699425
0.696665
0.693484
0.689886
0.685873
0.681446
0.676610
0.671366
0.665717
0.659667
0.653220
0.646381
0.639152
0.631537
0.623543
0.615174
0.606433
0.597327
0.587863
0.578045
0.567877
0.557367
0.546523
0.535350
0.523853
0.512040
0.499921
0.487501
0.474785
0.461783
0.448504
0.434956
0.421143
0.407077
0.392767
0.378221
0.363445
0.348450
0.333247
0.317843
0.302246
0.286466
0.270516
0.254403
0.238135
0.221723
0.205179
0.188512
0.171729
0.154843
0.137866
0.120805
0.103669
0.086471
0.069222
0.051932
0.034609
0.017264
-0.000089
0.689542
0.689329
0.688701
0.687659
0.686202
0.684333
0.682051
0.679358
0.676257
0.672748
0.668834
0.664517
0.659801
0.654687
0.649178
0.643278
0.636992
0.630322
0.623272
0.615847
0.608052
0.599890
0.591367
0.582487
0.573258
0.563684
0.553768
0.543519
0.532945
0.522049
0.510838
0.499319
0.487501
0.475389
0.462989
0.450310
0.437361
0.424149
0.410679
0.396963
0.383008
0.368823
0.354414
0.339791
0.324966
0.309945
0.294735
0.279347
0.263793
0.248080
0.232216
0.216212
0.200079
0.183826
0.167460
0.150993
0.134438
0.117801
0.101091
0.084320
0.067500
0.050639
0.033746
0.016832
-0.000090
0.671559
0.671352
0.670740
0.669725
0.668306
0.666485
0.664262
0.661640
0.658619
0.655202
0.651390
0.647186
0.642592
0.637611
0.632246
0.626500
0.620377
0.613882
0.607016
0.599784
0.592192
0.584243
0.575942
0.567294
0.558305
0.548981
0.539324
0.529343
0.519044
0.508432
0.497514
0.486295
0.474785
0.462989
0.450912
0.438563
0.425952
0.413085
0.399967
0.386607
0.373017
0.359202
0.345168
0.330927
0.316488
0.301859
0.287045
0.272059
0.256911
0.241608
0.226157
0.210570
0.194858
0.179029
0.163090
0.147052
0.130928
0.114725
0.098451
0.082117
0.065736
0.049315
0.032862
0.016390
-0.000091
0.653172
0.652970
0.652375
0.651387
0.650007
0.648236
0.646074
0.643523
0.640585
0.637262
0.633554
0.629464
0.624996
0.620152
0.614933
0.609344
0.603389
0.597071
0.590393
0.583360
0.575976
0.568245
0.560171
0.551759
0.543017
0.533947
0.524556
0.514847
0.504830
0.494509
0.483889
0.472978
0.461783
0.450310
0.438564
0.426553
0.414287
0.401772
0.389013
0.376019
0.362801
0.349364
0.335715
0.321863
0.307820
0.293591
0.279183
0.264607
0.249873
0.234989
0.219962
0.204801
0.189520
0.174124
0.158621
0.143023
0.127340
0.111581
0.095752
0.079866
0.063933
0.047962
0.031959
0.015938
-0.000092
0.634393
0.634197
0.633619
0.632660
0.631319
0.629599
0.627499
0.625022
0.622167
0.618939
0.615338
0.611366
0.607026
0.602321
0.597252
0.591824
0.586040
0.579904
0.573418
0.566587
0.559415
0.551906
0.544064
0.535895
0.527403
0.518595
0.509472
0.500043
0.490314
0.480290
0.469975
0.459378
0.448505
0.437361
0.425953
0.414287
0.402374
0.390219
0.377826
0.365206
0.352368
0.339317
0.326060
0.312607
0.298967
0.285147
0.271153
0.256996
0.242686
0.228230
0.213634
0.198910
0.184068
0.169115
0.154058
0.138908
0.123676
0.108370
0.092996
0.077566
0.062092
0.046579
0.031037
0.015476
-0.000093
0.615233
0.615042
0.614482
0.613551
0.612251
0.610583
0.608546
0.606143
0.603375
0.600244
0.596752
0.592900
0.588691
0.584127
0.579212
0.573947
0.568339
0.562388
0.556097
0.549472
0.542517
0.535235
0.527630
0.519707
0.511472
0.502929
0.494082
0.484938
0.475503
0.465781
0.455778
0.445501
0.434956
0.424149
0.413085
0.401772
0.390219
0.378430
0.366412
0.354173
0.341722
0.329065
0.316209
0.303162
0.289934
0.276531
0.262960
0.249231
0.235353
0.221333
0.207179
0.192899
0.178505
0.164004
0.149401
0.134709
0.119937
0.105093
0.090184
0.075220
0.060213
0.045169
0.030096
0.015005
-0.000093
0.595699
0.595515
0.594972
0.594071
0.592812
0.591196
0.589224
0.586897
0.584217
0.581186
0.577804
0.574074
0.569999
0.565580
0.560820
0.555723
0.550292
0.544530
0.538439
0.532024
0.525290
0.518239
0.510875
0.503204
0.495230
0.486958
0.478393
0.469539
0.460403
0.450990
0.441305
0.431354
0.421144
0.410680
0.399967
0.389013
0.377826
0.366412
0.354775
0.342925
0.330869
0.318614
0.306166
0.293533
0.280725
0.267748
0.254608
0.241314
0.227877
0.214302
0.200597
0.186771
0.172834
0.158793
0.144654
0.130428
0.116125
0.101753
0.087317
0.072828
0.058297
0.043731
0.029137
0.014525
-0.000094
0.575807
0.575629
0.575104
0.574232
0.573015
0.571454
0.569547
0.567298
0.564707
0.561777
0.558508
0.554902
0.550963
0.546692
0.542091
0.537164
0.531914
0.526344
0.520457
0.514256
0.507747
0.500931
0.493813
0.486397
0.478690
0.470695
0.462415
0.453856
0.445026
0.435928
0.426565
0.416946
0.407077
0.396963
0.386608
0.376020
0.365206
0.354173
0.342925
0.331470
0.319817
0.307972
0.295939
0.283728
0.271347
0.258803
0.246102
0.233252
0.220264
0.207143
0.193895
0.180531
0.167059
0.153487
0.139820
0.126069
0.112244
0.098351
0.084397
0.070392
0.056347
0.042267
0.028160
0.014036
-0.000094
0.555570
0.555398
0.554891
0.554050
0.552876
0.551369
0.549530
0.547359
0.544860
0.542032
0.538878
0.535399
0.531598
0.527477
0.523037
0.518284
0.513219
0.507844
0.502163
0.496180
0.489899
0.483323
0.476455
0.469300
0.461864
0.454149
0.446160
0.437902
0.429382
0.420604
0.411571
0.402290
0.392768
0.383009
0.373017
0.362801
0.352368
0.341722
0.330869
0.319817
0.308574
0.297144
0.285534
0.273753
0.261807
0.249704
0.237449
0.225051
0.212519
0.199859
0.187077
0.174182
0.161184
0.148089
0.134902
0.121635
0.108295
0.094891
0.081427
0.067915
0.054363
0.040778
0.027167
0.013539
-0.000095
0.534999
0.534833
0.534345
0.533535
0.532404
0.530953
0.529181
0.527091
0.524684
0.521961
0.518923
0.515573
0.511913
0.507944
0.503669
0.499091
0.494214
0.489038
0.483568
0.477806
0.471757
0.465424
0.458811
0.451921
0.444759
0.437330
0.429637
0.421685
0.413481
0.405027
0.396329
0.387391
0.378221
0.368823
0.359202
0.349364
0.339317
0.329066
0.318615
0.307972
0.297144
0.286138
0.274958
0.263612
0.252109
0.240455
0.228653
0.216714
0.204646
0.192455
0.180146
0.167729
0.155212
0.142601
0.129903
0.117127
0.104282
0.091373
0.078408
0.065396
0.052346
0.039264
0.026157
0.013034
-0.000095
0.514103
0.513943
0.513474
0.512695
0.511608
0.510213
0.508511
0.506503
0.504189
0.501572
0.498653
0.495434
0.491916
0.488103
0.483995
0.479596
0.474908
0.469934
0.464678
0.459141
0.453328
0.447243
0.440887
0.434266
0.427385
0.420246
0.412853
0.405212
0.397328
0.389204
0.380845
0.372257
0.363445
0.354414
0.345168
0.335715
0.326060
0.316209
0.306166
0.295939
0.285534
0.274958
0.264215
0.253312
0.242258
0.231059
0.219719
0.208246
0.196649
0.184934
0.173106
0.161173
0.149145
0.137027
0.124825
0.112548
0.100204
0.087800
0.075342
0.062838
0.050297
0.037726
0.025131
0.012521
-0.000096
0.492897
0.492743
0.492293
0.491547
0.490504
0.489167
0.487535
0.485609
0.483391
0.480881
0.478083
0.474996
0.471623
0.467967
0.464029
0.459811
0.455317
0.450548
0.445508
0.440199
0.434627
0.428792
0.422698
0.416350
0.409753
0.402909
0.395821
0.388495
0.380935
0.373147
0.365133
0.356898
0.348450
0.339791
0.330927
0.321864
0.312607
0.303162
0.293533
0.283728
0.273753
0.263612
0.253312
0.242859
0.232262
0.221524
0.210652
0.199652
0.188534
0.177302
0.165962
0.154521
0.142989
0.131371
0.119672
0.107901
0.096067
0.084174
0.072230
0.060241
0.048218
0.036166
0.024090
0.012000
-0.000096
0.471397
0.471250
0.470819
0.470105
0.469108
0.467829
0.466267
0.464425
0.462304
0.459904
0.457227
0.454275
0.451049
0.447552
0.443786
0.439752
0.435453
0.430893
0.426072
0.420995
0.415665
0.410085
0.404257
0.398186
0.391876
0.385331
0.378552
0.371545
0.364316
0.356867
0.349202
0.341327
0.333247
0.324966
0.316488
0.307820
0.298967
0.289934
0.280725
0.271347
0.261807
0.252109
0.242258
0.232262
0.222126
0.211857
0.201459
0.190939
0.180306
0.169564
0.158718
0.147777
0.136748
0.125636
0.114448
0.103190
0.091872
0.080498
0.069075
0.057609
0.046110
0.034584
0.023035
0.011472
-0.000097
0.449613
0.449473
0.449062
0.448380
0.447429
0.446208
0.444719
0.442962
0.440938
0.438649
0.436096
0.433280
0.430204
0.426868
0.423275
0.419427
0.415327
0.410978
0.406380
0.401537
0.396453
0.391131
0.385573
0.379782
0.373764
0.367520
0.361055
0.354372
0.347476
0.340372
0.333061
0.325550
0.317843
0.309945
0.301859
0.293591
0.285147
0.276531
0.267748
0.258804
0.249704
0.240455
0.231059
0.221524
0.211857
0.202062
0.192145
0.182111
0.171969
0.161723
0.151379
0.140943
0.130424
0.119826
0.109154
0.098417
0.087622
0.076774
0.065878
0.054942
0.043975
0.032981
0.021966
0.010937
-0.000097
0.427555
0.427421
0.427031
0.426382
0.425477
0.424317
0.422900
0.421229
0.419304
0.417128
0.414700
0.412021
0.409096
0.405924
0.402507
0.398848
0.394949
0.390812
0.386440
0.381835
0.377001
0.371939
0.366653
0.361147
0.355424
0.349486
0.343338
0.336983
0.330426
0.323670
0.316718
0.309574
0.302245
0.294735
0.287045
0.279183
0.271153
0.262960
0.254608
0.246102
0.237449
0.228653
0.219719
0.210652
0.201459
0.192145
0.182713
0.173172
0.163527
0.153784
0.143947
0.134024
0.124020
0.113942
0.103794
0.093584
0.083318
0.073002
0.062641
0.052242
0.041813
0.031358
0.020883
0.010396
-0.000097
0.405240
0.405113
0.404742
0.404128
0.403270
0.402169
0.400826
0.399242
0.397418
0.395355
0.393053
0.390515
0.387742
0.384735
0.381496
0.378028
0.374333
0.370412
0.366268
0.361903
0.357321
0.352523
0.347513
0.342294
0.336869
0.331242
0.325414
0.319391
0.313176
0.306772
0.300183
0.293412
0.286466
0.279347
0.272059
0.264607
0.256996
0.249231
0.241314
0.233253
0.225051
0.216715
0.208246
0.199652
0.190939
0.182111
0.173172
0.164128
0.154987
0.145753
0.136429
0.127023
0.117542
0.107990
0.098372
0.088694
0.078964
0.069187
0.059366
0.049510
0.039625
0.029716
0.019788
0.009848
-0.000097
0.382683
0.382563
0.382213
0.381632
0.380822
0.379782
0.378514
0.377018
0.375295
0.373347
0.371173
0.368776
0.366157
0.363317
0.360259
0.356983
0.353493
0.349791
0.345877
0.341755
0.337428
0.332897
0.328166
0.323237
0.318114
0.312800
0.307297
0.301608
0.295739
0.289692
0.283469
0.277076
0.270516
0.263793
0.256911
0.249873
0.242686
0.235353
0.227877
0.220264
0.212519
0.204647
0.196650
0.188534
0.180306
0.171969
0.163527
0.154987
0.146355
0.137634
0.128830
0.119948
0.110994
0.101974
0.092891
0.083752
0.074564
0.065330
0.056056
0.046749
0.037414
0.028056
0.018681
0.009294
-0.000097
0.359897
0.359783
0.359453
0.358907
0.358145
0.357167
0.355974
0.354567
0.352946
0.351113
0.349069
0.346814
0.344351
0.341680
0.338804
0.335723
0.332441
0.328959
0.325278
0.321401
0.317332
0.313071
0.308621
0.303986
0.299168
0.294170
0.288994
0.283644
0.278125
0.272437
0.266585
0.260572
0.254403
0.248080
0.241608
0.234989
0.228230
0.221334
0.214303
0.207143
0.199859
0.192455
0.184935
0.177302
0.169564
0.161723
0.153784
0.145753
0.137634
0.129433
0.121153
0.112799
0.104379
0.095896
0.087354
0.078759
0.070118
0.061434
0.052713
0.043959
0.035180
0.026380
0.017563
0.008735
-0.000097
0.336890
0.336784
0.336474
0.335963
0.335249
0.334333
0.333216
0.331899
0.330382
0.328666
0.326752
0.324641
0.322335
0.319835
0.317142
0.314258
0.311186
0.307926
0.304480
0.300851
0.297042
0.293053
0.288888
0.284548
0.280039
0.275360
0.270515
0.265507
0.260340
0.255016
0.249538
0.243910
0.238135
0.232216
0.226157
0.219962
0.213635
0.207179
0.200597
0.193895
0.187077
0.180147
0.173106
0.165962
0.158718
0.151379
0.143947
0.136429
0.128830
0.121153
0.113402
0.105582
0.097700
0.089759
0.081763
0.073718
0.065629
0.057501
0.049337
0.041143
0.032925
0.024687
0.016434
0.008170
-0.000098
0.313680
0.313581
0.313293
0.312816
0.312151
0.311298
0.310258
0.309031
0.307618
0.306020
0.304237
0.302272
0.300124
0.297797
0.295289
0.292604
0.289743
0.286707
0.283499
0.280120
0.276573
0.272859
0.268980
0.264940
0.260741
0.256384
0.251873
0.247210
0.242399
0.237442
0.232341
0.227100
0.221723
0.216212
0.210570
0.204801
0.198910
0.192899
0.186771
0.180531
0.174182
0.167729
0.161174
0.154522
0.147777
0.140943
0.134024
0.127024
0.119948
0.112799
0.105582
0.098302
0.090963
0.083569
0.076124
0.068632
0.061101
0.053532
0.045931
0.038301
0.030650
0.022980
0.015295
0.007600
-0.000098
0.290285
0.290193
0.289926
0.289484
0.288868
0.288079
0.287116
0.285980
0.284672
0.283193
0.281543
0.279724
0.277736
0.275582
0.273261
0.270776
0.268128
0.265319
0.262350
0.259222
0.255940
0.252503
0.248913
0.245174
0.241288
0.237256
0.233081
0.228766
0.224314
0.219726
0.215006
0.210155
0.205179
0.200079
0.194858
0.189520
0.184068
0.178505
0.172834
0.167059
0.161184
0.155212
0.149146
0.142990
0.136748
0.130424
0.124021
0.117542
0.110994
0.104379
0.097700
0.090963
0.084171
0.077329
0.070439
0.063506
0.056536
0.049533
0.042498
0.035437
0.028356
0.021258
0.014147
0.007026
-0.000098
0.266714
0.266629
0.266384
0.265977
0.265411
0.264685
0.263800
0.262756
0.261554
0.260195
0.258679
0.257007
0.255181
0.253201
0.251069
0.248785
0.246352
0.243771
0.241042
0.238169
0.235152
0.231994
0.228696
0.225260
0.221689
0.217985
0.214149
0.210184
0.206093
0.201878
0.197541
0.193084
0.188512
0.183826
0.179029
0.174124
0.169115
0.164004
0.158793
0.153487
0.148089
0.142602
0.137028
0.131372
0.125637
0.119826
0.113943
0.107990
0.101974
0.095896
0.089759
0.083569
0.077329
0.071042
0.064711
0.058342
0.051938
0.045503
0.039039
0.032552
0.026046
0.019524
0.012990
0.006448
-0.000098
0.242980
0.242902
0.242678
0.242308
0.241792
0.241130
0.240323
0.239372
0.238276
0.237038
0.235656
0.234133
0.232469
0.230665
0.228722
0.226641
0.224424
0.222072
0.219587
0.216969
0.214221
0.211343
0.208339
0.205208
0.201955
0.198580
0.195085
0.191473
0.187746
0.183906
0.179955
0.175895
0.171729
0.167460
0.163090
0.158621
0.154058
0.149401
0.144655
0.139821
0.134903
0.129904
0.124826
0.119673
0.114448
0.109155
0.103795
0.098372
0.092891
0.087354
0.081763
0.076124
0.070439
0.064711
0.058944
0.053141
0.047307
0.041445
0.035556
0.029647
0.023720
0.017778
0.011825
0.005865
-0.000098
0.219100
0.219029
0.218826
0.218492
0.218026
0.217429
0.216701
0.215843
0.214855
0.213737
0.212491
0.211117
0.209616
0.207989
0.206237
0.204361
0.202361
0.200241
0.197999
0.195638
0.193160
0.190565
0.187855
0.185033
0.182099
0.179056
0.175904
0.172647
0.169286
0.165823
0.162260
0.158599
0.154843
0.150993
0.147052
0.143023
0.138908
0.134709
0.130429
0.126070
0.121635
0.117128
0.112549
0.107902
0.103191
0.098417
0.093584
0.088694
0.083752
0.078759
0.073718
0.068633
0.063506
0.058342
0.053141
0.047909
0.042648
0.037362
0.032052
0.026723
0.021379
0.016021
0.010653
0.005279
-0.000098
0.195090
0.195027
0.194846
0.194548
0.194132
0.193600
0.192952
0.192187
0.191306
0.190311
0.189201
0.187977
0.186641
0.185192
0.183631
0.181960
0.180179
0.178291
0.176294
0.174192
0.171985
0.169674
0.167262
0.164748
0.162136
0.159426
0.156619
0.153719
0.150726
0.147643
0.144470
0.141210
0.137865
0.134437
0.130928
0.127340
0.123676
0.119937
0.116126
0.112245
0.108296
0.104282
0.100205
0.096067
0.091873
0.087622
0.083319
0.078965
0.074564
0.070118
0.065629
0.061101
0.056537
0.051938
0.047307
0.042648
0.037964
0.033257
0.028529
0.023784
0.019025
0.014255
0.009475
0.004690
-0.000098
0.170963
0.170907
0.170748
0.170486
0.170121
0.169655
0.169086
0.168415
0.167643
0.166770
0.165797
0.164724
0.163552
0.162282
0.160914
0.159449
0.157889
0.156233
0.154484
0.152641
0.150707
0.148682
0.146567
0.144364
0.142074
0.139699
0.137240
0.134698
0.132075
0.129373
0.126592
0.123736
0.120804
0.117800
0.114725
0.111581
0.108370
0.105093
0.101753
0.098352
0.094891
0.091374
0.087801
0.084175
0.080499
0.076774
0.073003
0.069187
0.065331
0.061434
0.057501
0.053533
0.049533
0.045503
0.041445
0.037362
0.033257
0.029132
0.024989
0.020831
0.016660
0.012480
0.008291
0.004098
-0.000098
0.146730
0.146681
0.146544
0.146319
0.146005
0.145604
0.145115
0.144538
0.143875
0.143126
0.142290
0.141369
0.140363
0.139272
0.138097
0.136840
0.135500
0.134079
0.132577
0.130995
0.129335
0.127596
0.125781
0.123890
0.121925
0.119886
0.117776
0.115594
0.113343
0.111023
0.108637
0.106184
0.103669
0.101090
0.098451
0.095752
0.092996
0.090184
0.087317
0.084398
0.081428
0.078409
0.075342
0.072230
0.069075
0.065878
0.062641
0.059367
0.056057
0.052713
0.049337
0.045931
0.042498
0.039039
0.035556
0.032052
0.028529
0.024989
0.021433
0.017864
0.014285
0.010697
0.007102
0.003503
-0.000098
0.122409
0.122367
0.122252
0.122063
0.121800
0.121465
0.121056
0.120575
0.120021
0.119395
0.118697
0.117928
0.117088
0.116178
0.115197
0.114148
0.113030
0.111844
0.110590
0.109270
0.107885
0.106434
0.104920
0.103342
0.101702
0.100001
0.098240
0.096420
0.094541
0.092606
0.090615
0.088569
0.086470
0.084319
0.082117
0.079865
0.077566
0.075220
0.072828
0.070393
0.067915
0.065396
0.062838
0.060242
0.057610
0.054943
0.052242
0.049510
0.046749
0.043959
0.041143
0.038302
0.035437
0.032552
0.029647
0.026723
0.023784
0.020831
0.017864
0.014887
0.011901
0.008908
0.005909
0.002906
-0.000098
0.098017
0.097983
0.097889
0.097737
0.097526
0.097256
0.096928
0.096541
0.096097
0.095595
0.095036
0.094419
0.093746
0.093016
0.092231
0.091390
0.090494
0.089544
0.088540
0.087482
0.086372
0.085211
0.083997
0.082734
0.081420
0.080058
0.078648
0.077190
0.075686
0.074136
0.072541
0.070903
0.069222
0.067499
0.065736
0.063933
0.062092
0.060213
0.058298
0.056347
0.054363
0.052346
0.050298
0.048219
0.046111
0.043975
0.041813
0.039625
0.037414
0.035180
0.032925
0.030650
0.028357
0.026046
0.023720
0.021379
0.019025
0.016660
0.014285
0.011901
0.009510
0.007113
0.004712
0.002308
-0.000098
0.073566
0.073539
0.073467
0.073352
0.073192
0.072988
0.072741
0.072450
0.072115
0.071738
0.071317
0.070853
0.070347
0.069799
0.069208
0.068577
0.067903
0.067190
0.066435
0.065641
0.064808
0.063935
0.063024
0.062075
0.061089
0.060067
0.059008
0.057913
0.056784
0.055621
0.054423
0.053194
0.051932
0.050639
0.049315
0.047961
0.046579
0.045169
0.043732
0.042268
0.040778
0.039265
0.037727
0.036166
0.034584
0.032981
0.031358
0.029716
0.028057
0.026380
0.024687
0.022980
0.021259
0.019524
0.017778
0.016021
0.014255
0.012480
0.010697
0.008908
0.007113
0.005314
0.003512
0.001708
-0.000098
0.049068
0.049047
0.048998
0.048919
0.048811
0.048673
0.048507
0.048311
0.048087
0.047834
0.047552
0.047241
0.046903
0.046536
0.046141
0.045719
0.045269
0.044792
0.044288
0.043758
0.043201
0.042619
0.042011
0.041377
0.040719
0.040036
0.039330
0.038599
0.037846
0.037069
0.036271
0.035450
0.034608
0.033745
0.032862
0.031959
0.031037
0.030096
0.029137
0.028161
0.027167
0.026157
0.025132
0.024091
0.023035
0.021966
0.020883
0.019788
0.018681
0.017563
0.016434
0.015295
0.014147
0.012990
0.011825
0.010654
0.009475
0.008291
0.007102
0.005909
0.004712
0.003512
0.002310
0.001106
-0.000098
0.024540
0.024526
0.024499
0.024456
0.024400
0.024329
0.024243
0.024143
0.024029
0.023901
0.023758
0.023601
0.023430
0.023245
0.023046
0.022833
0.022607
0.022367
0.022114
0.021848
0.021569
0.021276
0.020971
0.020654
0.020324
0.019982
0.019628
0.019262
0.018884
0.018496
0.018096
0.017685
0.017263
0.016831
0.016389
0.015937
0.015476
0.015005
0.014525
0.014037
0.013540
0.013034
0.012521
0.012000
0.011472
0.010937
0.010396
0.009848
0.009294
0.008735
0.008170
0.007601
0.007026
0.006448
0.005865
0.005279
0.004690
0.004098
0.003503
0.002906
0.002308
0.001708
0.001106
0.000504
-0.000098
0.000000
-0.000007
-0.000013
-0.000018
-0.000023
-0.000027
-0.000032
-0.000036
-0.000040
-0.000044
-0.000047
-0.000051
-0.000054
-0.000057
-0.000060
-0.000063
-0.000066
-0.000068
-0.000070
-0.000072
-0.000074
-0.000076
-0.000078
-0.000080
-0.000081
-0.000083
-0.000084
-0.000085
-0.000086
-0.000087
-0.000088
-0.000089
-0.000090
-0.000091
-0.000091
-0.000092
-0.000093
-0.000093
-0.000094
-0.000094
-0.000095
-0.000095
-0.000095
-0.000096
-0.000096
-0.000096
-0.000097
-0.000097
-0.000097
-0.000097
-0.000097
-0.000097
-0.000098
-0.000098
-0.000098
-0.000098
-0.000098
-0.000098
-0.000098
-0.000098
-0.000098
-0.000098
-0.000098
-0.000098
-0.000098
