0.000000
0.000000
0.000000
0.000000
0.000000
0.000000
0.000000
0.000000
0.000000
0.000000
0.000000
0.000000
0.000000
0.000000
0.000000
0.000000
0.000000
0.000000
0.000000
0.000000
0.000000
0.000000
0.000000
0.000000
0.000000
0.000000
0.000000
0.000000
0.000000
0.000000
0.000000
0.000000
0.000000
0.000000
0.000000
0.000000
0.000000
0.000000
0.000000
0.000000
0.000000
0.000000
0.000000
0.000000
0.000000
0.000000
0.000000
0.000000
0.000000
0.000000
0.000000
0.000000
0.000000
0.000000
0.000000
0.000000
0.000000
0.000000
0.000000
0.000000
0.000000
0.000000
0.000000
0.000000
0.000000
0.000000
0.002408
0.004810
0.007201
0.009574
0.011924
0.014246
0.016533
0.018780
0.020982
0.023134
0.025229
0.027264
0.029234
0.031133
0.032957
0.034701
0.036362
0.037935
0.039417
0.040804
0.042093
0.043280
0.044363
0.045339
0.046206
0.046961
0.047604
0.048132
0.048543
0.048838
0.049015
0.049075
0.049015
0.048838
0.048543
0.048132
0.047604
0.046961
0.046206
0.045339
0.044363
0.043280
0.042093
0.040804
0.039417
0.037935
0.036362
0.034701
0.032957
0.031133
0.029234
0.027265
0.025230
0.023134
0.020982
0.018780
0.016533
0.014246
0.011924
0.009574
0.007201
0.004810
0.002408
0.000000
0.000000
0.004810
0.009609
0.014384
0.019125
0.023820
0.028457
0.033026
0.037515
0.041914
0.046212
0.050398
0.054463
0.058397
0.062190
0.065834
0.069318
0.072636
0.075779
0.078739
0.081510
0.084084
0.086455
0.088619
0.090569
0.092300
0.093810
0.095093
0.096147
0.096970
0.097559
0.097913
0.098031
0.097913
0.097559
0.096970
0.096147
0.095093
0.093810
0.092300
0.090569
0.088619
0.086456
0.084084
0.081510
0.078739
0.075779
0.072636
0.069319
0.065834
0.062190
0.058397
0.054463
0.050398
0.046212
0.041914
0.037515
0.033026
0.028457
0.023820
0.019125
0.014384
0.009609
0.004810
0.000000
0.000000
0.007201
0.014384
0.021533
0.028630
0.035658
0.042600
0.049439
0.056159
0.062744
0.069178
0.075445
0.081531
0.087420
0.093098
0.098552
0.103769
0.108735
0.113440
0.117872
0.122019
0.125873
0.129423
0.132661
0.135580
0.138172
0.140432
0.142353
0.143931
0.145163
0.146044
0.146574
0.146751
0.146574
0.146044
0.145163
0.143931
0.142353
0.140432
0.138173
0.135580
0.132662
0.129423
0.125873
0.122019
0.117872
0.113440
0.108736
0.103769
0.098552
0.093098
0.087420
0.081531
0.075446
0.069178
0.062745
0.056160
0.049439
0.042600
0.035658
0.028630
0.021533
0.014384
0.007201
0.000000
0.000000
0.009574
0.019125
0.028630
0.038066
0.047410
0.056640
0.065733
0.074669
0.083424
0.091978
0.100311
0.108402
0.116232
0.123782
0.131033
0.137969
0.144573
0.150828
0.156720
0.162234
0.167358
0.172078
0.176384
0.180265
0.183712
0.186716
0.189270
0.191368
0.193006
0.194178
0.194882
0.195117
0.194882
0.194178
0.193006
0.191368
0.189270
0.186716
0.183712
0.180265
0.176384
0.172079
0.167358
0.162235
0.156720
0.150828
0.144573
0.137969
0.131033
0.123782
0.116232
0.108402
0.100311
0.091978
0.083424
0.074669
0.065734
0.056640
0.047410
0.038066
0.028630
0.019125
0.009574
0.000000
0.000000
0.011924
0.023820
0.035658
0.047410
0.059048
0.070544
0.081869
0.092998
0.103902
0.114556
0.124935
0.135012
0.144764
0.154167
0.163199
0.171837
0.180062
0.187853
0.195191
0.202059
0.208440
0.214319
0.219682
0.224515
0.228808
0.232550
0.235731
0.238344
0.240384
0.241844
0.242721
0.243014
0.242721
0.241844
0.240384
0.238345
0.235731
0.232550
0.228809
0.224516
0.219682
0.214320
0.208440
0.202059
0.195191
0.187853
0.180062
0.171838
0.163199
0.154167
0.144764
0.135012
0.124935
0.114557
0.103903
0.092998
0.081870
0.070544
0.059048
0.047410
0.035658
0.023820
0.011924
0.000000
0.000000
0.014246
0.028457
0.042600
0.056640
0.070544
0.084277
0.097808
0.111103
0.124131
0.136859
0.149257
0.161296
0.172947
0.184181
0.194971
0.205291
0.215117
0.224424
0.233191
0.241396
0.249020
0.256043
0.262450
0.268225
0.273353
0.277823
0.281624
0.284746
0.287182
0.288927
0.289975
0.290325
0.289975
0.288927
0.287183
0.284746
0.281624
0.277824
0.273354
0.268226
0.262451
0.256044
0.249020
0.241397
0.233192
0.224425
0.215117
0.205292
0.194971
0.184181
0.172947
0.161297
0.149258
0.136859
0.124131
0.111103
0.097808
0.084278
0.070544
0.056640
0.042600
0.028457
0.014246
0.000000
0.000000
0.016533
0.033026
0.049439
0.065733
0.081869
0.097808
0.113511
0.128941
0.144060
0.158832
0.173221
0.187193
0.200713
0.213751
0.226273
0.238251
0.249654
0.260456
0.270630
0.280152
0.289000
0.297151
0.304587
0.311288
0.317240
0.322428
0.326838
0.330462
0.333289
0.335314
0.336530
0.336936
0.336530
0.335314
0.333290
0.330462
0.326839
0.322428
0.317241
0.311289
0.304587
0.297152
0.289001
0.280153
0.270631
0.260456
0.249654
0.238251
0.226274
0.213751
0.200714
0.187193
0.173221
0.158832
0.144060
0.128941
0.113511
0.097808
0.081870
0.065734
0.049439
0.033026
0.016533
0.000000
0.000000
0.018780
0.037515
0.056159
0.074669
0.092998
0.111103
0.128941
0.146468
0.163642
0.180422
0.196767
0.212638
0.227996
0.242806
0.257031
0.270636
0.283589
0.295859
0.307417
0.318233
0.328284
0.337543
0.345989
0.353602
0.360363
0.366255
0.371266
0.375382
0.378593
0.380893
0.382275
0.382736
0.382275
0.380893
0.378594
0.375382
0.371266
0.366256
0.360364
0.353603
0.345990
0.337544
0.328285
0.318234
0.307417
0.295860
0.283590
0.270636
0.257031
0.242807
0.227997
0.212638
0.196767
0.180422
0.163642
0.146468
0.128941
0.111103
0.092998
0.074669
0.056160
0.037515
0.018780
0.000000
0.000000
0.020982
0.041914
0.062744
0.083424
0.103902
0.124130
0.144060
0.163642
0.182830
0.201577
0.219839
0.237571
0.254730
0.271276
0.287169
0.302369
0.316842
0.330550
0.343463
0.355548
0.366776
0.377121
0.386558
0.395063
0.402617
0.409201
0.414798
0.419397
0.422985
0.425555
0.427099
0.427614
0.427099
0.425555
0.422986
0.419398
0.414799
0.409202
0.402618
0.395065
0.386559
0.377123
0.366778
0.355549
0.343464
0.330551
0.316842
0.302370
0.287169
0.271277
0.254731
0.237571
0.219839
0.201577
0.182830
0.163642
0.144060
0.124131
0.103903
0.083424
0.062745
0.041914
0.020982
0.000000
0.000000
0.023134
0.046212
0.069178
0.091978
0.114556
0.136859
0.158831
0.180421
0.201577
0.222246
0.242381
0.261931
0.280850
0.299093
0.316615
0.333374
0.349331
0.364445
0.378682
0.392006
0.404386
0.415791
0.426196
0.435573
0.443901
0.451160
0.457332
0.462402
0.466358
0.469191
0.470893
0.471462
0.470894
0.469191
0.466359
0.462403
0.457333
0.451161
0.443903
0.435575
0.426197
0.415793
0.404387
0.392007
0.378683
0.364446
0.349331
0.333375
0.316616
0.299093
0.280851
0.261931
0.242381
0.222247
0.201577
0.180422
0.158832
0.136859
0.114557
0.091978
0.069178
0.046212
0.023134
0.000000
0.000000
0.025229
0.050398
0.075445
0.100311
0.124934
0.149257
0.173221
0.196766
0.219838
0.242381
0.264339
0.285660
0.306294
0.326189
0.345299
0.363576
0.380978
0.397462
0.412988
0.427519
0.441021
0.453460
0.464807
0.475034
0.484116
0.492033
0.498764
0.504293
0.508608
0.511697
0.513554
0.514173
0.513554
0.511698
0.508609
0.504294
0.498765
0.492034
0.484118
0.475036
0.464808
0.453462
0.441023
0.427521
0.412989
0.397463
0.380979
0.363577
0.345299
0.326190
0.306294
0.285661
0.264339
0.242381
0.219839
0.196767
0.173221
0.149258
0.124935
0.100311
0.075445
0.050398
0.025229
0.000000
0.000000
0.027264
0.054463
0.081531
0.108402
0.135012
0.161296
0.187192
0.212638
0.237570
0.261931
0.285660
0.308702
0.330999
0.352499
0.373150
0.392902
0.411708
0.429521
0.446300
0.462003
0.476594
0.490036
0.502298
0.513350
0.523165
0.531720
0.538994
0.544970
0.549632
0.552971
0.554977
0.555647
0.554978
0.552971
0.549633
0.544971
0.538996
0.531722
0.523167
0.513352
0.502300
0.490038
0.476596
0.462005
0.446301
0.429522
0.411709
0.392903
0.373151
0.352500
0.331000
0.308702
0.285661
0.261931
0.237571
0.212638
0.187193
0.161297
0.135012
0.108402
0.081531
0.054463
0.027264
0.000000
0.000000
0.029234
0.058397
0.087420
0.116232
0.144763
0.172947
0.200713
0.227996
0.254730
0.280850
0.306294
0.330999
0.354907
0.377960
0.400103
0.421281
0.441445
0.460545
0.478536
0.495374
0.511018
0.525432
0.538579
0.550429
0.560954
0.570127
0.577926
0.584333
0.589332
0.592912
0.595063
0.595781
0.595064
0.592913
0.589334
0.584334
0.577928
0.570128
0.560956
0.550432
0.538581
0.525434
0.511020
0.495376
0.478538
0.460547
0.441446
0.421283
0.400104
0.377961
0.354908
0.331000
0.306294
0.280851
0.254731
0.227997
0.200714
0.172947
0.144764
0.116232
0.087420
0.058397
0.029234
0.000000
0.000000
0.031133
0.062190
0.093098
0.123781
0.154167
0.184180
0.213750
0.242806
0.271276
0.299093
0.326189
0.352499
0.377960
0.402511
0.426091
0.448646
0.470119
0.490460
0.509619
0.527551
0.544211
0.559561
0.573563
0.586183
0.597391
0.607159
0.615465
0.622288
0.627613
0.631425
0.633716
0.634481
0.633717
0.631426
0.627614
0.622290
0.615467
0.607161
0.597393
0.586185
0.573565
0.559564
0.544214
0.527553
0.509621
0.490462
0.470121
0.448647
0.426093
0.402512
0.377961
0.352500
0.326190
0.299094
0.271277
0.242807
0.213751
0.184181
0.154167
0.123782
0.093098
0.062190
0.031133
0.000000
0.000000
0.032956
0.065833
0.098552
0.131033
0.163198
0.194970
0.226273
0.257030
0.287168
0.316615
0.345298
0.373150
0.400102
0.426091
0.451053
0.474929
0.497660
0.519193
0.539475
0.558457
0.576094
0.592342
0.607164
0.620524
0.632388
0.642729
0.651522
0.658745
0.664381
0.668417
0.670842
0.671652
0.670843
0.668418
0.664383
0.658747
0.651524
0.642732
0.632391
0.620526
0.607167
0.592345
0.576096
0.558460
0.539477
0.519195
0.497663
0.474931
0.451055
0.426093
0.400104
0.373151
0.345299
0.316616
0.287170
0.257031
0.226274
0.194971
0.163199
0.131033
0.098552
0.065834
0.032957
0.000000
0.000000
0.034701
0.069318
0.103769
0.137969
0.171837
0.205291
0.238250
0.270635
0.302369
0.333374
0.363575
0.392901
0.421281
0.448645
0.474929
0.500068
0.524003
0.546675
0.568031
0.588018
0.606588
0.623697
0.639303
0.653370
0.665863
0.676751
0.686009
0.693614
0.699549
0.703798
0.706352
0.707204
0.706352
0.703799
0.699550
0.693617
0.686011
0.676753
0.665865
0.653373
0.639306
0.623700
0.606591
0.588020
0.568033
0.546678
0.524005
0.500070
0.474931
0.448647
0.421283
0.392903
0.363577
0.333375
0.302370
0.270637
0.238251
0.205291
0.171837
0.137969
0.103769
0.069318
0.034701
0.000000
0.000000
0.036362
0.072636
0.108735
0.144572
0.180061
0.215116
0.249653
0.283589
0.316841
0.349330
0.380977
0.411707
0.441444
0.470118
0.497660
0.524003
0.549083
0.572841
0.595218
0.616162
0.635621
0.653549
0.669902
0.684641
0.697732
0.709142
0.718843
0.726812
0.733031
0.737484
0.740160
0.741053
0.740160
0.737484
0.733032
0.726814
0.718845
0.709144
0.697735
0.684645
0.669905
0.653552
0.635624
0.616164
0.595221
0.572843
0.549086
0.524005
0.497662
0.470121
0.441446
0.411709
0.380979
0.349332
0.316843
0.283590
0.249654
0.215117
0.180062
0.144573
0.108736
0.072636
0.036362
0.000000
0.000000
0.037935
0.075779
0.113440
0.150828
0.187852
0.224424
0.260455
0.295859
0.330550
0.364444
0.397461
0.429520
0.460544
0.490459
0.519192
0.546675
0.572840
0.597626
0.620972
0.642821
0.663122
0.681826
0.698887
0.714264
0.727921
0.739825
0.749945
0.758260
0.764748
0.769393
0.772185
0.773116
0.772185
0.769393
0.764749
0.758262
0.749948
0.739827
0.727924
0.714267
0.698890
0.681829
0.663126
0.642824
0.620975
0.597629
0.572843
0.546677
0.519195
0.490461
0.460547
0.429522
0.397463
0.364446
0.330551
0.295860
0.260456
0.224425
0.187853
0.150828
0.113440
0.075779
0.037935
0.000000
0.000000
0.039417
0.078739
0.117871
0.156720
0.195190
0.233191
0.270629
0.307416
0.343462
0.378681
0.412987
0.446299
0.478535
0.509618
0.539474
0.568030
0.595217
0.620971
0.645229
0.667932
0.689027
0.708461
0.726188
0.742166
0.756356
0.768725
0.779241
0.787880
0.794621
0.799448
0.802349
0.803317
0.802349
0.799449
0.794622
0.787882
0.779243
0.768727
0.756359
0.742170
0.726191
0.708464
0.689030
0.667936
0.645232
0.620974
0.595220
0.568033
0.539477
0.509621
0.478537
0.446301
0.412990
0.378683
0.343464
0.307418
0.270631
0.233192
0.195191
0.156720
0.117872
0.078739
0.039417
0.000000
0.000000
0.040804
0.081509
0.122019
0.162234
0.202058
0.241396
0.280152
0.318233
0.355547
0.392005
0.427519
0.462002
0.495373
0.527550
0.558456
0.588017
0.616161
0.642821
0.667932
0.691435
0.713271
0.733389
0.751740
0.768280
0.782970
0.795773
0.806659
0.815602
0.822581
0.827577
0.830580
0.831582
0.830581
0.827578
0.822582
0.815604
0.806662
0.795776
0.782973
0.768283
0.751743
0.733392
0.713274
0.691438
0.667935
0.642824
0.616164
0.588020
0.558459
0.527552
0.495375
0.462005
0.427521
0.392007
0.355549
0.318235
0.280153
0.241397
0.202059
0.162234
0.122019
0.081510
0.040804
0.000000
0.000000
0.042092
0.084084
0.125872
0.167357
0.208439
0.249019
0.288999
0.328283
0.366776
0.404385
0.441020
0.476593
0.511017
0.544210
0.576092
0.606587
0.635620
0.663122
0.689026
0.713271
0.735797
0.756550
0.775481
0.792543
0.807697
0.820904
0.832135
0.841360
0.848558
0.853712
0.856810
0.857843
0.856810
0.853713
0.848559
0.841362
0.832137
0.820907
0.807700
0.792546
0.775484
0.756553
0.735800
0.713274
0.689029
0.663125
0.635623
0.606590
0.576095
0.544213
0.511019
0.476595
0.441023
0.404387
0.366778
0.328285
0.289000
0.249020
0.208440
0.167358
0.125872
0.084084
0.042093
0.000000
0.000000
0.043280
0.086455
0.129422
0.172078
0.214318
0.256043
0.297150
0.337542
0.377121
0.415791
0.453459
0.490035
0.525430
0.559560
0.592341
0.623696
0.653548
0.681825
0.708460
0.733388
0.756550
0.777888
0.797353
0.814897
0.830478
0.844058
0.855605
0.865090
0.872491
0.877791
0.880976
0.882038
0.880976
0.877792
0.872493
0.865092
0.855606
0.844060
0.830480
0.814900
0.797356
0.777891
0.756552
0.733391
0.708463
0.681828
0.653550
0.623699
0.592344
0.559562
0.525433
0.490037
0.453461
0.415793
0.377123
0.337544
0.297152
0.256044
0.214319
0.172078
0.129423
0.086455
0.043280
0.000000
0.000000
0.044363
0.088618
0.132661
0.176383
0.219681
0.262449
0.304586
0.345988
0.386557
0.426195
0.464806
0.502297
0.538578
0.573561
0.607163
0.639302
0.669901
0.698886
0.726187
0.751739
0.775480
0.797352
0.817304
0.835287
0.851258
0.865178
0.877013
0.886736
0.894323
0.899755
0.903020
0.904109
0.903020
0.899756
0.894324
0.886738
0.877016
0.865181
0.851261
0.835291
0.817308
0.797356
0.775483
0.751742
0.726190
0.698889
0.669904
0.639305
0.607166
0.573564
0.538580
0.502299
0.464808
0.426197
0.386559
0.345990
0.304587
0.262450
0.219682
0.176384
0.132661
0.088619
0.044363
0.000000
0.000000
0.045339
0.090568
0.135579
0.180264
0.224514
0.268224
0.311287
0.353601
0.395062
0.435572
0.475033
0.513349
0.550428
0.586181
0.620522
0.653368
0.684640
0.714263
0.742165
0.768279
0.792542
0.814896
0.835287
0.853665
0.869987
0.884213
0.896309
0.906246
0.914000
0.919552
0.922888
0.924001
0.922889
0.919553
0.914002
0.906249
0.896313
0.884217
0.869991
0.853669
0.835290
0.814899
0.792545
0.768282
0.742168
0.714266
0.684643
0.653371
0.620525
0.586183
0.550430
0.513350
0.475034
0.435574
0.395064
0.353602
0.311288
0.268225
0.224515
0.180265
0.135580
0.090568
0.045339
0.000000
0.000000
0.046205
0.092300
0.138172
0.183711
0.228807
0.273352
0.317239
0.360361
0.402616
0.443900
0.484115
0.523164
0.560952
0.597388
0.632386
0.665860
0.697730
0.727919
0.756355
0.782968
0.807696
0.830477
0.851257
0.869987
0.886620
0.901119
0.913446
0.923573
0.931475
0.937133
0.940533
0.941668
0.940534
0.937135
0.931478
0.923576
0.913450
0.901123
0.886625
0.869991
0.851261
0.830480
0.807698
0.782971
0.756358
0.727922
0.697733
0.665863
0.632389
0.597390
0.560953
0.523165
0.484117
0.443902
0.402617
0.360363
0.317240
0.273353
0.228808
0.183711
0.138172
0.092300
0.046206
0.000000
0.000000
0.046961
0.093809
0.140431
0.186715
0.232548
0.277822
0.322426
0.366254
0.409199
0.451159
0.492031
0.531718
0.570124
0.607156
0.642727
0.676748
0.709139
0.739822
0.768723
0.795771
0.820903
0.844056
0.865176
0.884212
0.901118
0.915854
0.928383
0.938676
0.946707
0.952457
0.955913
0.957066
0.955914
0.952459
0.946709
0.938679
0.928387
0.915858
0.901123
0.884217
0.865180
0.844060
0.820905
0.795774
0.768725
0.739825
0.709142
0.676751
0.642729
0.607159
0.570126
0.531720
0.492032
0.451160
0.409200
0.366255
0.322427
0.277823
0.232549
0.186715
0.140431
0.093809
0.046961
0.000000
0.000000
0.047603
0.095092
0.142352
0.189269
0.235729
0.281622
0.326837
0.371264
0.414797
0.457330
0.498762
0.538992
0.577923
0.615462
0.651519
0.686006
0.718840
0.749943
0.779238
0.806657
0.832132
0.855603
0.877012
0.896309
0.913446
0.928383
0.941084
0.951517
0.959658
0.965487
0.968990
0.970159
0.968991
0.965488
0.959660
0.951520
0.941087
0.928387
0.913450
0.896312
0.877016
0.855606
0.832135
0.806660
0.779241
0.749945
0.718843
0.686008
0.651521
0.615464
0.577925
0.538993
0.498763
0.457331
0.414798
0.371265
0.326838
0.281623
0.235730
0.189269
0.142352
0.095093
0.047604
0.000000
0.000000
0.048131
0.096146
0.143930
0.191367
0.238343
0.284744
0.330460
0.375380
0.419395
0.462400
0.504291
0.544967
0.584330
0.622285
0.658742
0.693611
0.726809
0.758257
0.787877
0.815600
0.841358
0.865088
0.886735
0.906246
0.923574
0.938676
0.951518
0.962067
0.970298
0.976191
0.979734
0.980915
0.979734
0.976192
0.970299
0.962068
0.951520
0.938679
0.923576
0.906249
0.886738
0.865091
0.841360
0.815603
0.787880
0.758259
0.726812
0.693613
0.658743
0.622287
0.584331
0.544968
0.504292
0.462401
0.419396
0.375381
0.330461
0.284745
0.238343
0.191367
0.143930
0.096147
0.048131
0.000000
0.000000
0.048543
0.096969
0.145161
0.193004
0.240382
0.287181
0.333288
0.378591
0.422983
0.466356
0.508605
0.549630
0.589329
0.627609
0.664378
0.699545
0.733028
0.764744
0.794619
0.822579
0.848556
0.872490
0.894323
0.914000
0.931476
0.946708
0.959659
0.970298
0.978600
0.984544
0.988116
0.989308
0.988116
0.984544
0.978601
0.970299
0.959660
0.946709
0.931478
0.914002
0.894325
0.872492
0.848558
0.822580
0.794620
0.764746
0.733029
0.699547
0.664380
0.627611
0.589330
0.549631
0.508606
0.466357
0.422984
0.378592
0.333288
0.287181
0.240383
0.193005
0.145162
0.096969
0.048543
0.000000
0.000000
0.048838
0.097558
0.146043
0.194176
0.241842
0.288925
0.335312
0.380891
0.425552
0.469189
0.511695
0.552968
0.592909
0.631422
0.668413
0.703794
0.737480
0.769389
0.799445
0.827574
0.853711
0.877790
0.899755
0.919552
0.937133
0.952458
0.965487
0.976191
0.984544
0.990524
0.994117
0.995316
0.994117
0.990525
0.984545
0.976193
0.965489
0.952459
0.937135
0.919554
0.899757
0.877792
0.853712
0.827576
0.799446
0.769390
0.737481
0.703796
0.668415
0.631423
0.592910
0.552969
0.511696
0.469189
0.425553
0.380892
0.335313
0.288926
0.241842
0.194177
0.146043
0.097558
0.048838
0.000000
0.000000
0.049015
0.097912
0.146573
0.194881
0.242719
0.289973
0.336528
0.382273
0.427096
0.470891
0.513551
0.554974
0.595060
0.633712
0.670838
0.706348
0.740156
0.772180
0.802345
0.830577
0.856808
0.880975
0.903019
0.922888
0.940533
0.955914
0.968990
0.979733
0.988115
0.994117
0.997724
0.998927
0.997725
0.994118
0.988117
0.979735
0.968992
0.955915
0.940536
0.922890
0.903021
0.880977
0.856810
0.830579
0.802347
0.772182
0.740157
0.706349
0.670839
0.633714
0.595061
0.554975
0.513552
0.470892
0.427097
0.382273
0.336529
0.289974
0.242720
0.194881
0.146573
0.097912
0.049015
0.000000
0.000000
0.049074
0.098030
0.146750
0.195116
0.243012
0.290323
0.336934
0.382734
0.427611
0.471459
0.514170
0.555643
0.595778
0.634477
0.671647
0.707199
0.741048
0.773111
0.803312
0.831578
0.857841
0.882037
0.904108
0.924000
0.941668
0.957066
0.970159
0.980914
0.989307
0.995316
0.998927
1.000132
0.998928
0.995317
0.989308
0.980916
0.970161
0.957068
0.941670
0.924003
0.904110
0.882040
0.857844
0.831581
0.803315
0.773113
0.741050
0.707201
0.671648
0.634477
0.595778
0.555644
0.514171
0.471460
0.427612
0.382735
0.336935
0.290323
0.243012
0.195116
0.146750
0.098030
0.049074
0.000000
0.000000
0.049015
0.097912
0.146573
0.194881
0.242719
0.289973
0.336528
0.382273
0.427096
0.470891
0.513551
0.554974
0.595060
0.633712
0.670838
0.706347
0.740155
0.772180
0.802345
0.830577
0.856808
0.880974
0.903019
0.922888
0.940533
0.955913
0.968990
0.979733
0.988115
0.994117
0.997724
0.998928
0.997725
0.994119
0.988117
0.979735
0.968993
0.955916
0.940536
0.922891
0.903022
0.880977
0.856811
0.830580
0.802348
0.772183
0.740157
0.706349
0.670839
0.633713
0.595060
0.554974
0.513552
0.470891
0.427097
0.382273
0.336529
0.289974
0.242720
0.194881
0.146573
0.097912
0.049015
0.000000
0.000000
0.048838
0.097558
0.146043
0.194176
0.241842
0.288925
0.335312
0.380891
0.425552
0.469189
0.511695
0.552968
0.592909
0.631421
0.668413
0.703794
0.737479
0.769388
0.799444
0.827574
0.853710
0.877790
0.899754
0.919552
0.937133
0.952458
0.965487
0.976191
0.984543
0.990523
0.994117
0.995316
0.994118
0.990525
0.984545
0.976194
0.965491
0.952461
0.937137
0.919555
0.899758
0.877793
0.853714
0.827578
0.799447
0.769391
0.737482
0.703796
0.668414
0.631422
0.592909
0.552968
0.511695
0.469189
0.425553
0.380891
0.335312
0.288925
0.241842
0.194177
0.146043
0.097558
0.048838
0.000000
0.000000
0.048543
0.096969
0.145161
0.193004
0.240382
0.287181
0.333287
0.378591
0.422983
0.466356
0.508605
0.549629
0.589329
0.627609
0.664377
0.699545
0.733027
0.764743
0.794618
0.822578
0.848557
0.872491
0.894322
0.914000
0.931476
0.946708
0.959658
0.970297
0.978599
0.984543
0.988116
0.989308
0.988116
0.984545
0.978602
0.970301
0.959662
0.946712
0.931480
0.914004
0.894327
0.872495
0.848560
0.822582
0.794622
0.764747
0.733030
0.699547
0.664379
0.627610
0.589330
0.549630
0.508606
0.466357
0.422984
0.378592
0.333288
0.287181
0.240382
0.193004
0.145162
0.096969
0.048543
0.000000
0.000000
0.048131
0.096146
0.143930
0.191367
0.238343
0.284744
0.330460
0.375380
0.419395
0.462400
0.504291
0.544967
0.584330
0.622285
0.658741
0.693610
0.726809
0.758257
0.787877
0.815601
0.841358
0.865089
0.886736
0.906247
0.923574
0.938677
0.951517
0.962066
0.970297
0.976191
0.979734
0.980916
0.979735
0.976193
0.970300
0.962070
0.951522
0.938681
0.923579
0.906251
0.886741
0.865093
0.841362
0.815605
0.787881
0.758260
0.726812
0.693613
0.658743
0.622286
0.584331
0.544967
0.504291
0.462400
0.419396
0.375380
0.330460
0.284745
0.238343
0.191367
0.143930
0.096147
0.048131
0.000000
0.000000
0.047603
0.095092
0.142352
0.189268
0.235729
0.281622
0.326837
0.371264
0.414797
0.457330
0.498762
0.538992
0.577923
0.615462
0.651518
0.686006
0.718840
0.749943
0.779239
0.806658
0.832134
0.855604
0.877014
0.896310
0.913448
0.928384
0.941084
0.951517
0.959658
0.965487
0.968991
0.970160
0.968992
0.965490
0.959661
0.951521
0.941088
0.928388
0.913451
0.896314
0.877017
0.855608
0.832137
0.806661
0.779243
0.749946
0.718843
0.686008
0.651521
0.615463
0.577924
0.538992
0.498762
0.457330
0.414797
0.371264
0.326837
0.281623
0.235730
0.189269
0.142352
0.095092
0.047603
0.000000
0.000000
0.046961
0.093809
0.140431
0.186714
0.232548
0.277822
0.322426
0.366253
0.409199
0.451158
0.492031
0.531718
0.570124
0.607156
0.642726
0.676748
0.709139
0.739822
0.768723
0.795772
0.820904
0.844058
0.865178
0.884214
0.901120
0.915855
0.928384
0.938676
0.946707
0.952458
0.955914
0.957068
0.955915
0.952460
0.946710
0.938679
0.928387
0.915859
0.901124
0.884218
0.865181
0.844061
0.820907
0.795775
0.768726
0.739825
0.709142
0.676750
0.642728
0.607158
0.570125
0.531718
0.492031
0.451158
0.409199
0.366254
0.322426
0.277822
0.232548
0.186715
0.140431
0.093809
0.046961
0.000000
0.000000
0.046205
0.092299
0.138171
0.183710
0.228806
0.273352
0.317238
0.360361
0.402615
0.443900
0.484114
0.523163
0.560951
0.597388
0.632386
0.665860
0.697730
0.727920
0.756356
0.782969
0.807696
0.830478
0.851258
0.869988
0.886622
0.901120
0.913447
0.923574
0.931476
0.937134
0.940534
0.941669
0.940536
0.937136
0.931478
0.923577
0.913451
0.901123
0.886625
0.869991
0.851261
0.830480
0.807699
0.782972
0.756358
0.727923
0.697733
0.665862
0.632388
0.597389
0.560952
0.523163
0.484115
0.443900
0.402615
0.360361
0.317239
0.273352
0.228807
0.183710
0.138171
0.092300
0.046206
0.000000
0.000000
0.045339
0.090568
0.135579
0.180263
0.224514
0.268223
0.311286
0.353600
0.395061
0.435571
0.475032
0.513348
0.550426
0.586180
0.620521
0.653368
0.684640
0.714263
0.742166
0.768280
0.792543
0.814897
0.835287
0.853666
0.869988
0.884214
0.896310
0.906247
0.914000
0.919552
0.922888
0.924002
0.922890
0.919554
0.914003
0.906249
0.896313
0.884217
0.869991
0.853669
0.835290
0.814899
0.792545
0.768281
0.742167
0.714265
0.684643
0.653370
0.620523
0.586182
0.550428
0.513348
0.475032
0.435572
0.395062
0.353600
0.311287
0.268224
0.224514
0.180264
0.135579
0.090568
0.045339
0.000000
0.000000
0.044362
0.088618
0.132660
0.176383
0.219680
0.262449
0.304585
0.345987
0.386556
0.426194
0.464804
0.502296
0.538577
0.573560
0.607162
0.639302
0.669901
0.698886
0.726188
0.751740
0.775481
0.797353
0.817305
0.835288
0.851258
0.865178
0.877013
0.886736
0.894323
0.899755
0.903020
0.904109
0.903021
0.899757
0.894326
0.886739
0.877016
0.865180
0.851261
0.835290
0.817307
0.797355
0.775482
0.751741
0.726189
0.698887
0.669902
0.639304
0.607164
0.573561
0.538577
0.502296
0.464805
0.426194
0.386556
0.345988
0.304585
0.262449
0.219681
0.176383
0.132660
0.088618
0.044363
0.000000
0.000000
0.043279
0.086455
0.129422
0.172077
0.214317
0.256042
0.297149
0.337541
0.377119
0.415790
0.453458
0.490034
0.525429
0.559559
0.592341
0.623696
0.653548
0.681825
0.708461
0.733389
0.756551
0.777889
0.797353
0.814897
0.830478
0.844058
0.855604
0.865090
0.872491
0.877791
0.880976
0.882038
0.880976
0.877792
0.872493
0.865092
0.855606
0.844060
0.830480
0.814899
0.797355
0.777890
0.756551
0.733389
0.708461
0.681826
0.653548
0.623696
0.592342
0.559560
0.525430
0.490034
0.453458
0.415790
0.377120
0.337541
0.297150
0.256042
0.214318
0.172077
0.129422
0.086455
0.043280
0.000000
0.000000
0.042092
0.084083
0.125871
0.167356
0.208438
0.249018
0.288998
0.328281
0.366774
0.404384
0.441019
0.476591
0.511016
0.544209
0.576092
0.606587
0.635620
0.663122
0.689027
0.713271
0.735797
0.756551
0.775481
0.792544
0.807697
0.820904
0.832134
0.841360
0.848558
0.853712
0.856810
0.857843
0.856810
0.853712
0.848559
0.841361
0.832135
0.820906
0.807698
0.792545
0.775481
0.756550
0.735797
0.713270
0.689026
0.663121
0.635620
0.606587
0.576092
0.544210
0.511016
0.476592
0.441019
0.404384
0.366775
0.328282
0.288998
0.249018
0.208439
0.167357
0.125872
0.084083
0.042092
0.000000
0.000000
0.040804
0.081509
0.122018
0.162233
0.202057
0.241395
0.280150
0.318231
0.355546
0.392004
0.427517
0.462001
0.495371
0.527549
0.558455
0.588016
0.616161
0.642821
0.667933
0.691435
0.713272
0.733390
0.751740
0.768281
0.782970
0.795773
0.806660
0.815602
0.822580
0.827577
0.830580
0.831581
0.830579
0.827576
0.822580
0.815603
0.806660
0.795774
0.782970
0.768281
0.751740
0.733388
0.713270
0.691433
0.667931
0.642820
0.616160
0.588016
0.558455
0.527549
0.495371
0.462001
0.427517
0.392004
0.355546
0.318232
0.280151
0.241395
0.202057
0.162233
0.122018
0.081509
0.040804
0.000000
0.000000
0.039417
0.078738
0.117870
0.156719
0.195189
0.233189
0.270628
0.307415
0.343460
0.378679
0.412986
0.446297
0.478533
0.509617
0.539473
0.568029
0.595218
0.620971
0.645229
0.667933
0.689027
0.708461
0.726189
0.742167
0.756357
0.768725
0.779241
0.787880
0.794621
0.799447
0.802348
0.803315
0.802348
0.799447
0.794621
0.787880
0.779241
0.768725
0.756357
0.742166
0.726188
0.708460
0.689025
0.667931
0.645227
0.620969
0.595216
0.568029
0.539473
0.509617
0.478534
0.446297
0.412986
0.378679
0.343461
0.307415
0.270628
0.233190
0.195189
0.156719
0.117871
0.078738
0.039417
0.000000
0.000000
0.037935
0.075778
0.113439
0.150827
0.187851
0.224423
0.260454
0.295857
0.330548
0.364442
0.397459
0.429518
0.460542
0.490457
0.519191
0.546674
0.572840
0.597625
0.620972
0.642822
0.663123
0.681827
0.698887
0.714265
0.727922
0.739824
0.749945
0.758259
0.764747
0.769392
0.772183
0.773114
0.772183
0.769392
0.764747
0.758260
0.749945
0.739824
0.727921
0.714264
0.698886
0.681824
0.663120
0.642819
0.620969
0.597623
0.572838
0.546673
0.519191
0.490458
0.460543
0.429518
0.397459
0.364442
0.330548
0.295857
0.260454
0.224423
0.187851
0.150827
0.113439
0.075778
0.037935
0.000000
0.000000
0.036362
0.072635
0.108734
0.144571
0.180060
0.215115
0.249652
0.283587
0.316839
0.349328
0.380975
0.411704
0.441442
0.470117
0.497659
0.524002
0.549082
0.572840
0.595218
0.616162
0.635621
0.653549
0.669903
0.684643
0.697733
0.709142
0.718843
0.726812
0.733030
0.737483
0.740158
0.741051
0.740158
0.737482
0.733030
0.726812
0.718842
0.709141
0.697731
0.684640
0.669900
0.653546
0.635618
0.616159
0.595215
0.572837
0.549080
0.524000
0.497658
0.470116
0.441442
0.411704
0.380975
0.349328
0.316839
0.283587
0.249652
0.215115
0.180060
0.144571
0.108734
0.072635
0.036362
0.000000
0.000000
0.034701
0.069318
0.103768
0.137968
0.171836
0.205289
0.238248
0.270633
0.302367
0.333371
0.363573
0.392899
0.421279
0.448643
0.474927
0.500067
0.524002
0.546675
0.568030
0.588017
0.606588
0.623697
0.639304
0.653370
0.665863
0.676750
0.686008
0.693614
0.699548
0.703797
0.706350
0.707202
0.706350
0.703796
0.699547
0.693613
0.686007
0.676749
0.665860
0.653368
0.639301
0.623694
0.606584
0.588014
0.568027
0.546671
0.523999
0.500065
0.474926
0.448642
0.421278
0.392899
0.363573
0.333371
0.302367
0.270633
0.238248
0.205289
0.171835
0.137968
0.103768
0.069318
0.034701
0.000000
0.000000
0.032956
0.065833
0.098551
0.131032
0.163197
0.194969
0.226271
0.257028
0.287166
0.316612
0.345296
0.373147
0.400100
0.426089
0.451052
0.474927
0.497659
0.519192
0.539474
0.558457
0.576093
0.592342
0.607165
0.620524
0.632388
0.642729
0.651521
0.658744
0.664380
0.668415
0.670841
0.671649
0.670840
0.668415
0.664379
0.658743
0.651519
0.642727
0.632385
0.620520
0.607161
0.592339
0.576090
0.558453
0.539470
0.519189
0.497656
0.474925
0.451050
0.426088
0.400099
0.373147
0.345295
0.316612
0.287166
0.257028
0.226271
0.194969
0.163197
0.131032
0.098551
0.065833
0.032956
0.000000
0.000000
0.031132
0.062190
0.093097
0.123780
0.154165
0.184179
0.213749
0.242803
0.271274
0.299090
0.326186
0.352496
0.377957
0.402508
0.426089
0.448644
0.470118
0.490459
0.509618
0.527550
0.544211
0.559561
0.573563
0.586183
0.597390
0.607159
0.615465
0.622288
0.627611
0.631423
0.633714
0.634479
0.633714
0.631423
0.627610
0.622286
0.615462
0.607156
0.597387
0.586179
0.573559
0.559557
0.544207
0.527546
0.509614
0.490455
0.470115
0.448641
0.426087
0.402507
0.377956
0.352495
0.326185
0.299090
0.271273
0.242803
0.213748
0.184179
0.154165
0.123780
0.093097
0.062189
0.031132
0.000000
0.000000
0.029233
0.058396
0.087419
0.116230
0.144762
0.172945
0.200711
0.227994
0.254727
0.280847
0.306291
0.330996
0.354905
0.377958
0.400101
0.421280
0.441443
0.460544
0.478535
0.495373
0.511018
0.525432
0.538579
0.550429
0.560953
0.570126
0.577925
0.584332
0.589331
0.592910
0.595062
0.595779
0.595061
0.592910
0.589330
0.584330
0.577923
0.570123
0.560950
0.550425
0.538575
0.525427
0.511014
0.495369
0.478531
0.460540
0.441440
0.421277
0.400098
0.377956
0.354903
0.330995
0.306290
0.280847
0.254727
0.227994
0.200711
0.172945
0.144762
0.116230
0.087419
0.058396
0.029233
0.000000
0.000000
0.027264
0.054463
0.081530
0.108401
0.135010
0.161295
0.187190
0.212635
0.237568
0.261928
0.285658
0.308699
0.330997
0.352497
0.373148
0.392900
0.411706
0.429519
0.446298
0.462002
0.476593
0.490036
0.502298
0.513350
0.523165
0.531719
0.538993
0.544968
0.549631
0.552969
0.554975
0.555645
0.554975
0.552968
0.549629
0.544967
0.538991
0.531716
0.523161
0.513345
0.502293
0.490031
0.476589
0.461998
0.446294
0.429516
0.411702
0.392897
0.373146
0.352495
0.330995
0.308698
0.285657
0.261928
0.237567
0.212635
0.187190
0.161294
0.135010
0.108400
0.081530
0.054462
0.027264
0.000000
0.000000
0.025229
0.050397
0.075444
0.100310
0.124933
0.149256
0.173218
0.196764
0.219836
0.242378
0.264336
0.285658
0.306291
0.326187
0.345296
0.363574
0.380976
0.397460
0.412987
0.427519
0.441021
0.453460
0.464807
0.475034
0.484116
0.492032
0.498763
0.504292
0.508607
0.511696
0.513552
0.514171
0.513552
0.511695
0.508605
0.504290
0.498760
0.492029
0.484112
0.475029
0.464802
0.453455
0.441016
0.427514
0.412983
0.397457
0.380973
0.363571
0.345294
0.326185
0.306290
0.285657
0.264335
0.242377
0.219835
0.196764
0.173218
0.149255
0.124933
0.100309
0.075444
0.050397
0.025229
0.000000
0.000000
0.023133
0.046211
0.069177
0.091977
0.114555
0.136857
0.158829
0.180419
0.201574
0.222244
0.242378
0.261928
0.280848
0.299091
0.316613
0.333372
0.349329
0.364444
0.378681
0.392005
0.404386
0.415791
0.426196
0.435573
0.443901
0.451160
0.457331
0.462401
0.466357
0.469190
0.470892
0.471460
0.470891
0.469189
0.466355
0.462399
0.457328
0.451156
0.443897
0.435569
0.426191
0.415787
0.404381
0.392001
0.378677
0.364440
0.349326
0.333370
0.316610
0.299089
0.280846
0.261927
0.242377
0.222243
0.201574
0.180419
0.158829
0.136857
0.114555
0.091977
0.069177
0.046211
0.023133
0.000000
0.000000
0.020982
0.041913
0.062743
0.083423
0.103901
0.124129
0.144058
0.163639
0.182827
0.201574
0.219836
0.237568
0.254728
0.271274
0.287167
0.302368
0.316840
0.330549
0.343462
0.355547
0.366776
0.377121
0.386558
0.395063
0.402617
0.409200
0.414798
0.419396
0.422985
0.425554
0.427098
0.427612
0.427097
0.425552
0.422982
0.419394
0.414795
0.409197
0.402613
0.395059
0.386553
0.377117
0.366772
0.355543
0.343458
0.330546
0.316837
0.302365
0.287164
0.271272
0.254727
0.237567
0.219835
0.201574
0.182827
0.163639
0.144057
0.124129
0.103901
0.083423
0.062743
0.041913
0.020982
0.000000
0.000000
0.018780
0.037514
0.056159
0.074667
0.092996
0.111102
0.128939
0.146465
0.163639
0.180419
0.196764
0.212635
0.227994
0.242804
0.257029
0.270634
0.283588
0.295858
0.307416
0.318233
0.328283
0.337542
0.345988
0.353601
0.360362
0.366255
0.371265
0.375381
0.378593
0.380892
0.382274
0.382735
0.382273
0.380891
0.378591
0.375379
0.371262
0.366251
0.360359
0.353598
0.345985
0.337538
0.328279
0.318229
0.307412
0.295855
0.283585
0.270632
0.257026
0.242802
0.227993
0.212634
0.196764
0.180419
0.163639
0.146465
0.128939
0.111101
0.092996
0.074667
0.056159
0.037514
0.018780
0.000000
0.000000
0.016533
0.033025
0.049438
0.065732
0.081868
0.097807
0.113509
0.128939
0.144058
0.158829
0.173218
0.187190
0.200711
0.213749
0.226272
0.238249
0.249652
0.260454
0.270629
0.280151
0.288999
0.297150
0.304586
0.311288
0.317240
0.322427
0.326838
0.330461
0.333289
0.335313
0.336529
0.336935
0.336529
0.335312
0.333287
0.330459
0.326835
0.322424
0.317236
0.311284
0.304583
0.297147
0.288996
0.280148
0.270626
0.260451
0.249650
0.238247
0.226269
0.213747
0.200710
0.187190
0.173218
0.158829
0.144057
0.128939
0.113509
0.097806
0.081868
0.065732
0.049438
0.033025
0.016533
0.000000
0.000000
0.014245
0.028457
0.042599
0.056639
0.070542
0.084276
0.097807
0.111101
0.124129
0.136857
0.149256
0.161295
0.172945
0.184179
0.194969
0.205290
0.215116
0.224423
0.233190
0.241395
0.249019
0.256043
0.262450
0.268224
0.273353
0.277823
0.281623
0.284745
0.287181
0.288926
0.289974
0.290323
0.289973
0.288925
0.287180
0.284743
0.281621
0.277820
0.273350
0.268221
0.262447
0.256040
0.249016
0.241393
0.233187
0.224421
0.215113
0.205288
0.194967
0.184178
0.172944
0.161294
0.149255
0.136856
0.124128
0.111101
0.097806
0.084276
0.070542
0.056639
0.042599
0.028457
0.014245
0.000000
0.000000
0.011924
0.023819
0.035657
0.047409
0.059047
0.070542
0.081868
0.092996
0.103901
0.114555
0.124933
0.135010
0.144762
0.154165
0.163197
0.171836
0.180061
0.187851
0.195190
0.202058
0.208439
0.214318
0.219681
0.224515
0.228807
0.232549
0.235730
0.238344
0.240383
0.241843
0.242720
0.243013
0.242720
0.241842
0.240381
0.238342
0.235728
0.232547
0.228805
0.224512
0.219679
0.214316
0.208437
0.202055
0.195187
0.187849
0.180058
0.171834
0.163196
0.154164
0.144761
0.135010
0.124932
0.114554
0.103901
0.092996
0.081868
0.070542
0.059047
0.047409
0.035657
0.023819
0.011924
0.000000
0.000000
0.009574
0.019125
0.028629
0.038065
0.047409
0.056639
0.065732
0.074667
0.083423
0.091977
0.100309
0.108400
0.116230
0.123780
0.131032
0.137968
0.144572
0.150827
0.156719
0.162233
0.167357
0.172077
0.176383
0.180264
0.183711
0.186715
0.189269
0.191368
0.193005
0.194177
0.194882
0.195116
0.194881
0.194176
0.193003
0.191366
0.189268
0.186713
0.183709
0.180262
0.176381
0.172075
0.167355
0.162231
0.156717
0.150825
0.144570
0.137967
0.131031
0.123779
0.116230
0.108400
0.100309
0.091977
0.083422
0.074667
0.065732
0.056639
0.047409
0.038065
0.028629
0.019125
0.009574
0.000000
0.000000
0.007201
0.014384
0.021533
0.028629
0.035657
0.042599
0.049438
0.056159
0.062743
0.069177
0.075444
0.081530
0.087419
0.093097
0.098551
0.103768
0.108735
0.113439
0.117871
0.122018
0.125872
0.129422
0.132661
0.135579
0.138172
0.140431
0.142352
0.143931
0.145162
0.146044
0.146573
0.146750
0.146573
0.146043
0.145161
0.143929
0.142351
0.140430
0.138170
0.135578
0.132659
0.129421
0.125870
0.122017
0.117869
0.113438
0.108733
0.103767
0.098550
0.093096
0.087418
0.081529
0.075444
0.069177
0.062743
0.056158
0.049438
0.042599
0.035657
0.028629
0.021533
0.014384
0.007201
0.000000
0.000000
0.004810
0.009609
0.014384
0.019125
0.023819
0.028457
0.033025
0.037514
0.041913
0.046211
0.050397
0.054463
0.058396
0.062190
0.065833
0.069318
0.072636
0.075778
0.078739
0.081509
0.084083
0.086455
0.088618
0.090568
0.092300
0.093809
0.095093
0.096147
0.096969
0.097558
0.097912
0.098030
0.097912
0.097558
0.096969
0.096146
0.095092
0.093808
0.092299
0.090567
0.088617
0.086454
0.084082
0.081508
0.078738
0.075777
0.072635
0.069317
0.065832
0.062189
0.058396
0.054462
0.050397
0.046211
0.041913
0.037514
0.033025
0.028456
0.023819
0.019125
0.014384
0.009609
0.004810
0.000000
0.000000
0.002408
0.004810
0.007201
0.009574
0.011924
0.014245
0.016533
0.018780
0.020982
0.023133
0.025229
0.027264
0.029233
0.031132
0.032956
0.034701
0.036362
0.037935
0.039417
0.040804
0.042092
0.043280
0.044363
0.045339
0.046206
0.046961
0.047604
0.048131
0.048543
0.048838
0.049015
0.049074
0.049015
0.048838
0.048543
0.048131
0.047603
0.046961
0.046205
0.045338
0.044362
0.043279
0.042092
0.040803
0.039416
0.037934
0.036361
0.034700
0.032956
0.031132
0.029233
0.027264
0.025229
0.023133
0.020982
0.018780
0.016532
0.014245
0.011924
0.009574
0.007201
0.004810
0.002408
0.000000
0.000000
0.000000
0.000000
0.000000
0.000000
0.000000
0.000000
0.000000
0.000000
0.000000
0.000000
0.000000
0.000000
0.000000
0.000000
0.000000
0.000000
0.000000
0.000000
0.000000
0.000000
0.000000
0.000000
0.000000
0.000000
0.000000
0.000000
0.000000
0.000000
0.000000
0.000000
0.000000
0.000000
0.000000
0.000000
0.000000
0.000000
0.000000
0.000000
0.000000
0.000000
0.000000
0.000000
0.000000
0.000000
0.000000
0.000000
0.000000
0.000000
0.000000
0.000000
0.000000
0.000000
0.000000
0.000000
0.000000
0.000000
0.000000
0.000000
0.000000
0.000000
0.000000
0.000000
0.000000
0.000000
