1.000058
0.998853
0.995242
0.989233
0.980841
0.970086
0.956994
0.941596
0.923930
0.904037
0.881967
0.857772
0.831510
0.803245
0.773044
0.740982
0.707134
0.671582
0.634412
0.595714
0.555580
0.514108
0.471398
0.427551
0.382674
0.336876
0.290265
0.242955
0.195060
0.146695
0.097976
0.049021
-0.000052
-0.049125
-0.098080
-0.146799
-0.195165
-0.243060
-0.290370
-0.336980
-0.382779
-0.427655
-0.471502
-0.514213
-0.555685
-0.595818
-0.634517
-0.671686
-0.707238
-0.741086
-0.773149
-0.803349
-0.831614
-0.857876
-0.882071
-0.904142
-0.924034
-0.941701
-0.957099
-0.970191
-0.980946
-0.989339
-0.995347
-0.998958
-1.000163
0.998853
0.997650
0.994043
0.988041
0.979659
0.968917
0.955841
0.940461
0.922817
0.902948
0.880905
0.856739
0.830508
0.802277
0.772113
0.740089
0.706282
0.670773
0.633648
0.594996
0.554911
0.513489
0.470830
0.427036
0.382213
0.336470
0.289915
0.242663
0.194825
0.146518
0.097858
0.048962
-0.000052
-0.049066
-0.097962
-0.146623
-0.194930
-0.242767
-0.290020
-0.336574
-0.382318
-0.427140
-0.470934
-0.513593
-0.555016
-0.595101
-0.633752
-0.670877
-0.706386
-0.740194
-0.772218
-0.802382
-0.830613
-0.856843
-0.881009
-0.903053
-0.922921
-0.940566
-0.955946
-0.969022
-0.979765
-0.988147
-0.994148
-0.997755
-0.998958
0.995241
0.994042
0.990449
0.984469
0.976117
0.965414
0.952384
0.937061
0.919480
0.899684
0.877719
0.853641
0.827505
0.799376
0.769322
0.737413
0.703728
0.668348
0.631357
0.592845
0.552905
0.511632
0.469127
0.425492
0.380831
0.335253
0.288867
0.241785
0.194120
0.145988
0.097504
0.048785
-0.000052
-0.048889
-0.097608
-0.146093
-0.194225
-0.241890
-0.288972
-0.335357
-0.380936
-0.425596
-0.469232
-0.511737
-0.553009
-0.592949
-0.631461
-0.668452
-0.703833
-0.737518
-0.769426
-0.799481
-0.827610
-0.853745
-0.877824
-0.899788
-0.919585
-0.937166
-0.952490
-0.965519
-0.976223
-0.984574
-0.990554
-0.994148
-0.995347
0.989232
0.988040
0.984468
0.978525
0.970224
0.959585
0.946634
0.931403
0.913929
0.894252
0.872420
0.848486
0.822509
0.794550
0.764676
0.732961
0.699479
0.664312
0.627545
0.589265
0.549566
0.508543
0.466295
0.422923
0.378532
0.333229
0.287123
0.240325
0.192948
0.145106
0.096915
0.048490
-0.000052
-0.048594
-0.097019
-0.145211
-0.193053
-0.240430
-0.287227
-0.333333
-0.378636
-0.423027
-0.466399
-0.508647
-0.549671
-0.589370
-0.627649
-0.664417
-0.699584
-0.733065
-0.764781
-0.794654
-0.822613
-0.848591
-0.872524
-0.894356
-0.914033
-0.931508
-0.946739
-0.959690
-0.970329
-0.978630
-0.984574
-0.988146
-0.989338
0.980839
0.979658
0.976115
0.970222
0.961992
0.951443
0.938603
0.923501
0.906174
0.886664
0.865018
0.841287
0.815530
0.787808
0.758189
0.726742
0.693544
0.658676
0.622220
0.584265
0.544903
0.504228
0.462338
0.419334
0.375320
0.330401
0.284686
0.238286
0.191311
0.143875
0.096092
0.048078
-0.000052
-0.048183
-0.096197
-0.143979
-0.191415
-0.238390
-0.284791
-0.330506
-0.375424
-0.419439
-0.462442
-0.504333
-0.545008
-0.584370
-0.622324
-0.658780
-0.693649
-0.726846
-0.758293
-0.787913
-0.815635
-0.841392
-0.865122
-0.886769
-0.906279
-0.923606
-0.938708
-0.951549
-0.962097
-0.970328
-0.976222
-0.979763
-0.980945
0.970083
0.968914
0.965412
0.959582
0.951442
0.941010
0.928310
0.913374
0.896237
0.876941
0.855532
0.832062
0.806587
0.779169
0.749874
0.718772
0.685939
0.651452
0.615396
0.577858
0.538928
0.498698
0.457268
0.414735
0.371204
0.326778
0.281564
0.235672
0.189212
0.142296
0.095038
0.047550
-0.000052
-0.047655
-0.095143
-0.142401
-0.189317
-0.235777
-0.281669
-0.326882
-0.371308
-0.414840
-0.457372
-0.498803
-0.539032
-0.577963
-0.615501
-0.651557
-0.686043
-0.718877
-0.749978
-0.779274
-0.806692
-0.832166
-0.855636
-0.877046
-0.896342
-0.913479
-0.928416
-0.941115
-0.951548
-0.959689
-0.965518
-0.969020
-0.970189
0.956990
0.955837
0.952381
0.946631
0.938601
0.928309
0.915781
0.901046
0.884140
0.865104
0.843985
0.820831
0.795700
0.768653
0.739753
0.709071
0.676680
0.642659
0.607090
0.570058
0.531653
0.491967
0.451096
0.409137
0.366193
0.322366
0.277763
0.232491
0.186658
0.140375
0.093754
0.046907
-0.000053
-0.047013
-0.093859
-0.140480
-0.186763
-0.232596
-0.277868
-0.322471
-0.366298
-0.409242
-0.451200
-0.492072
-0.531758
-0.570163
-0.607195
-0.642764
-0.676785
-0.709175
-0.739857
-0.768757
-0.795805
-0.820936
-0.844089
-0.865209
-0.884245
-0.901151
-0.915886
-0.928415
-0.938707
-0.946738
-0.952487
-0.955943
-0.957096
0.941591
0.940456
0.937056
0.931399
0.923498
0.913371
0.901045
0.886547
0.869913
0.851184
0.830404
0.807623
0.782897
0.756284
0.727849
0.697661
0.665792
0.632318
0.597322
0.560886
0.523099
0.484051
0.443837
0.402554
0.360300
0.317179
0.273293
0.228749
0.183654
0.138116
0.092245
0.046152
-0.000053
-0.046257
-0.092350
-0.138221
-0.183759
-0.228854
-0.273398
-0.317284
-0.360405
-0.402658
-0.443942
-0.484156
-0.523203
-0.560991
-0.597426
-0.632423
-0.665896
-0.697766
-0.727954
-0.756389
-0.783002
-0.807728
-0.830509
-0.851289
-0.870019
-0.886653
-0.901151
-0.913478
-0.923604
-0.931506
-0.937163
-0.940563
-0.941697
0.923923
0.922811
0.919475
0.913923
0.906170
0.896234
0.884138
0.869913
0.853591
0.835213
0.814823
0.792469
0.768207
0.742093
0.714192
0.684570
0.653299
0.620454
0.586114
0.550361
0.513283
0.474968
0.435509
0.395000
0.353540
0.311227
0.268165
0.224456
0.180207
0.135523
0.090513
0.045285
-0.000053
-0.045390
-0.090619
-0.135629
-0.180312
-0.224562
-0.268270
-0.311332
-0.353645
-0.395105
-0.435614
-0.475073
-0.513388
-0.550466
-0.586219
-0.620559
-0.653404
-0.684675
-0.714297
-0.742199
-0.768312
-0.792575
-0.814928
-0.835318
-0.853696
-0.870018
-0.884244
-0.896340
-0.906276
-0.914030
-0.919581
-0.922917
-0.924031
0.904031
0.902942
0.899677
0.894246
0.886660
0.876937
0.865101
0.851182
0.835212
0.817230
0.797278
0.775406
0.751666
0.726115
0.698814
0.669830
0.639232
0.607094
0.573493
0.538511
0.502231
0.464741
0.426131
0.386494
0.345926
0.304525
0.262390
0.219623
0.176326
0.132604
0.088563
0.044309
-0.000053
-0.044414
-0.088669
-0.132710
-0.176432
-0.219728
-0.262496
-0.304631
-0.346032
-0.386600
-0.426237
-0.464846
-0.502336
-0.538616
-0.573599
-0.607199
-0.639337
-0.669935
-0.698920
-0.726221
-0.751772
-0.775512
-0.797384
-0.817335
-0.835318
-0.851288
-0.865208
-0.877043
-0.886766
-0.894352
-0.899784
-0.903049
-0.904137
0.881960
0.880897
0.877713
0.872414
0.865012
0.855527
0.843981
0.830401
0.814821
0.797278
0.777813
0.756475
0.733314
0.708387
0.681753
0.653476
0.623625
0.592272
0.559491
0.525363
0.489969
0.453394
0.415727
0.377058
0.337480
0.297089
0.255983
0.214260
0.172020
0.129366
0.086400
0.043226
-0.000053
-0.043332
-0.086506
-0.129472
-0.172126
-0.214365
-0.256089
-0.297195
-0.337586
-0.377163
-0.415832
-0.453499
-0.490074
-0.525469
-0.559597
-0.592377
-0.623731
-0.653582
-0.681859
-0.708493
-0.733421
-0.756581
-0.777920
-0.797384
-0.814927
-0.830507
-0.844087
-0.855634
-0.865119
-0.872520
-0.877819
-0.881004
-0.882066
0.857764
0.856731
0.853633
0.848479
0.841281
0.832057
0.820827
0.807620
0.792466
0.775404
0.756474
0.735721
0.713196
0.688952
0.663049
0.635548
0.606516
0.576023
0.544141
0.510949
0.476526
0.440954
0.404320
0.366712
0.328220
0.288938
0.248959
0.208380
0.167299
0.125815
0.084028
0.042038
-0.000053
-0.042144
-0.084134
-0.125922
-0.167406
-0.208486
-0.249065
-0.289044
-0.328327
-0.366818
-0.404427
-0.441061
-0.476632
-0.511055
-0.544247
-0.576129
-0.606622
-0.635654
-0.663155
-0.689059
-0.713303
-0.735828
-0.756581
-0.775511
-0.792573
-0.807726
-0.820933
-0.832163
-0.841388
-0.848586
-0.853740
-0.856837
-0.857870
0.831501
0.830500
0.827497
0.822501
0.815524
0.806581
0.795695
0.782892
0.768203
0.751663
0.733312
0.713195
0.691360
0.667858
0.642748
0.616089
0.587945
0.558386
0.527480
0.495304
0.461935
0.427452
0.391940
0.355483
0.318170
0.280090
0.241335
0.201999
0.162176
0.121962
0.081454
0.040749
-0.000053
-0.040856
-0.081560
-0.122068
-0.162282
-0.202106
-0.241442
-0.280197
-0.318277
-0.355590
-0.392047
-0.427559
-0.462042
-0.495411
-0.527587
-0.558492
-0.588052
-0.616195
-0.642854
-0.667965
-0.691466
-0.713302
-0.733420
-0.751770
-0.768310
-0.782999
-0.795801
-0.806687
-0.815630
-0.822608
-0.827604
-0.830607
-0.831608
0.803235
0.802268
0.799368
0.794542
0.787801
0.779163
0.768647
0.756279
0.742089
0.726111
0.708384
0.688951
0.667858
0.645155
0.620898
0.595145
0.567958
0.539403
0.509549
0.478466
0.446231
0.412921
0.378616
0.343398
0.307353
0.270568
0.233130
0.195131
0.156661
0.117814
0.078683
0.039362
-0.000054
-0.039469
-0.078790
-0.117921
-0.156768
-0.195238
-0.233237
-0.270675
-0.307460
-0.343505
-0.378723
-0.413028
-0.446339
-0.478574
-0.509656
-0.539510
-0.568065
-0.595252
-0.621005
-0.645262
-0.667965
-0.689058
-0.708491
-0.726218
-0.742196
-0.756386
-0.768753
-0.779269
-0.787907
-0.794648
-0.799475
-0.802375
-0.803343
0.773035
0.772103
0.769312
0.764668
0.758180
0.749867
0.739746
0.727844
0.714187
0.698810
0.681750
0.663047
0.642747
0.620898
0.597552
0.572768
0.546603
0.519121
0.490389
0.460476
0.429452
0.397394
0.364379
0.330485
0.295796
0.260393
0.224363
0.187793
0.150769
0.113383
0.075723
0.037880
-0.000054
-0.037988
-0.075830
-0.113490
-0.150877
-0.187900
-0.224471
-0.260501
-0.295903
-0.330593
-0.364487
-0.397502
-0.429560
-0.460583
-0.490497
-0.519229
-0.546710
-0.572875
-0.597659
-0.621004
-0.642854
-0.663154
-0.681857
-0.698917
-0.714294
-0.727950
-0.739853
-0.749973
-0.758287
-0.764775
-0.769420
-0.772211
-0.773142
0.740972
0.740079
0.737403
0.732952
0.726734
0.718764
0.709064
0.697655
0.684564
0.669825
0.653473
0.635545
0.616087
0.595144
0.572767
0.549010
0.523931
0.497589
0.470048
0.441375
0.411639
0.380910
0.349264
0.316776
0.283525
0.249591
0.215056
0.180002
0.144514
0.108678
0.072580
0.036307
-0.000054
-0.036415
-0.072688
-0.108786
-0.144622
-0.180110
-0.215164
-0.249700
-0.283634
-0.316885
-0.349372
-0.381019
-0.411747
-0.441483
-0.470157
-0.497697
-0.524038
-0.549118
-0.572875
-0.595252
-0.616194
-0.635653
-0.653580
-0.669933
-0.684672
-0.697762
-0.709171
-0.718871
-0.726841
-0.733059
-0.737511
-0.740186
-0.741079
0.707123
0.706271
0.703718
0.699470
0.693536
0.685930
0.676673
0.665785
0.653293
0.639227
0.623621
0.606513
0.587943
0.567957
0.546602
0.523930
0.499996
0.474858
0.448575
0.421212
0.392834
0.363509
0.333308
0.302304
0.270572
0.238188
0.205230
0.171777
0.137911
0.103711
0.069262
0.034646
-0.000054
-0.034754
-0.069370
-0.103820
-0.138019
-0.171886
-0.205339
-0.238297
-0.270681
-0.302413
-0.333417
-0.363618
-0.392942
-0.421321
-0.448684
-0.474966
-0.500105
-0.524038
-0.546710
-0.568065
-0.588051
-0.606621
-0.623729
-0.639335
-0.653401
-0.665892
-0.676780
-0.686038
-0.693643
-0.699577
-0.703826
-0.706379
-0.707231
0.671572
0.670763
0.668338
0.664303
0.658667
0.651444
0.642652
0.632311
0.620448
0.607089
0.592267
0.576019
0.558383
0.539401
0.519120
0.497588
0.474857
0.450983
0.426021
0.400034
0.373082
0.345231
0.316549
0.287104
0.256967
0.226211
0.194910
0.163139
0.130975
0.098495
0.065777
0.032901
-0.000054
-0.033010
-0.065886
-0.098604
-0.131084
-0.163248
-0.195019
-0.226320
-0.257076
-0.287213
-0.316658
-0.345341
-0.373191
-0.400143
-0.426130
-0.451092
-0.474966
-0.497697
-0.519229
-0.539510
-0.558491
-0.576127
-0.592376
-0.607197
-0.620556
-0.632419
-0.642760
-0.651552
-0.658775
-0.664410
-0.668446
-0.670871
-0.671680
0.634403
0.633638
0.631347
0.627535
0.622212
0.615389
0.607083
0.597315
0.586107
0.573488
0.559487
0.544138
0.527477
0.509546
0.490388
0.470047
0.448575
0.426021
0.402441
0.377892
0.352432
0.326122
0.299027
0.271212
0.242743
0.213689
0.184120
0.154107
0.123723
0.093040
0.062134
0.031077
-0.000055
-0.031186
-0.062243
-0.093150
-0.123833
-0.154217
-0.184230
-0.213799
-0.242853
-0.271322
-0.299137
-0.326232
-0.352541
-0.378001
-0.402551
-0.426131
-0.448684
-0.470156
-0.490497
-0.509655
-0.527586
-0.544246
-0.559595
-0.573596
-0.586216
-0.597423
-0.607191
-0.615497
-0.622319
-0.627644
-0.631455
-0.633746
-0.634510
0.595705
0.594987
0.592836
0.589257
0.584257
0.577851
0.570051
0.560879
0.550355
0.538505
0.525358
0.510945
0.495301
0.478464
0.460474
0.441374
0.421211
0.400033
0.377891
0.354839
0.330932
0.306227
0.280785
0.254666
0.227934
0.200652
0.172887
0.144704
0.116173
0.087362
0.058340
0.029178
-0.000055
-0.029288
-0.058450
-0.087472
-0.116283
-0.144814
-0.172997
-0.200762
-0.228044
-0.254777
-0.280896
-0.306338
-0.331042
-0.354949
-0.378001
-0.400143
-0.421321
-0.441484
-0.460583
-0.478573
-0.495410
-0.511054
-0.525467
-0.538614
-0.550464
-0.560988
-0.570160
-0.577959
-0.584366
-0.589365
-0.592944
-0.595095
-0.595813
0.555572
0.554903
0.552897
0.549558
0.544895
0.538920
0.531646
0.523092
0.513277
0.502225
0.489963
0.476521
0.461931
0.446228
0.429450
0.411637
0.392833
0.373082
0.352431
0.330932
0.308635
0.285595
0.261867
0.237507
0.212576
0.187132
0.161236
0.134953
0.108344
0.081473
0.054406
0.027209
-0.000055
-0.027319
-0.054517
-0.081584
-0.108454
-0.135063
-0.161347
-0.187242
-0.212686
-0.237618
-0.261978
-0.285706
-0.308746
-0.331043
-0.352542
-0.373192
-0.392943
-0.411747
-0.429560
-0.446338
-0.462041
-0.476632
-0.490073
-0.502335
-0.513386
-0.523201
-0.531755
-0.539029
-0.545004
-0.549667
-0.553005
-0.555011
-0.555681
0.514101
0.513481
0.511625
0.508536
0.504221
0.498691
0.491961
0.484044
0.474962
0.464735
0.453389
0.440950
0.427449
0.412918
0.397392
0.380909
0.363508
0.345231
0.326122
0.306228
0.285595
0.264275
0.242317
0.219776
0.196705
0.173160
0.149198
0.124876
0.100253
0.075388
0.050341
0.025173
-0.000055
-0.025284
-0.050452
-0.075499
-0.100364
-0.124987
-0.149309
-0.173271
-0.196816
-0.219887
-0.242429
-0.264386
-0.285706
-0.306339
-0.326233
-0.345342
-0.363618
-0.381019
-0.397503
-0.413029
-0.427560
-0.441061
-0.453500
-0.464846
-0.475072
-0.484154
-0.492070
-0.498801
-0.504330
-0.508644
-0.511734
-0.513591
-0.514210
0.471391
0.470823
0.469120
0.466288
0.462332
0.457262
0.451090
0.443831
0.435503
0.426126
0.415722
0.404317
0.391937
0.378613
0.364377
0.349263
0.333308
0.316549
0.299027
0.280785
0.261867
0.242317
0.222184
0.201515
0.180361
0.158772
0.136800
0.114498
0.091920
0.069121
0.046155
0.023077
-0.000056
-0.023189
-0.046266
-0.069232
-0.092032
-0.114609
-0.136911
-0.158883
-0.180472
-0.201627
-0.222296
-0.242429
-0.261978
-0.280897
-0.299139
-0.316660
-0.333418
-0.349374
-0.364488
-0.378724
-0.392048
-0.404428
-0.415833
-0.426237
-0.435614
-0.443942
-0.451200
-0.457372
-0.462442
-0.466398
-0.469230
-0.470933
-0.471501
0.427545
0.427030
0.425486
0.422917
0.419329
0.414730
0.409132
0.402549
0.394995
0.386490
0.377054
0.366709
0.355481
0.343396
0.330484
0.316775
0.302304
0.287104
0.271212
0.254666
0.237508
0.219776
0.201515
0.182769
0.163582
0.144000
0.124072
0.103844
0.083366
0.062687
0.041857
0.020926
-0.000056
-0.021038
-0.041969
-0.062799
-0.083478
-0.103956
-0.124184
-0.144112
-0.163694
-0.182881
-0.201627
-0.219888
-0.237619
-0.254778
-0.271324
-0.287215
-0.302415
-0.316887
-0.330595
-0.343508
-0.355592
-0.366821
-0.377165
-0.386602
-0.395107
-0.402660
-0.409243
-0.414841
-0.419439
-0.423027
-0.425597
-0.427141
-0.427656
0.382670
0.382209
0.380827
0.378527
0.375316
0.371200
0.366189
0.360297
0.353536
0.345923
0.337477
0.328218
0.318168
0.307351
0.295794
0.283525
0.270572
0.256967
0.242743
0.227934
0.212576
0.196706
0.180361
0.163582
0.146408
0.128882
0.111045
0.092940
0.074611
0.056102
0.037458
0.018724
-0.000056
-0.018836
-0.037570
-0.056214
-0.074723
-0.093052
-0.111157
-0.128994
-0.146521
-0.163694
-0.180474
-0.196818
-0.212688
-0.228046
-0.242855
-0.257079
-0.270684
-0.283637
-0.295907
-0.307464
-0.318280
-0.328330
-0.337589
-0.346035
-0.353648
-0.360408
-0.366301
-0.371311
-0.375427
-0.378638
-0.380938
-0.382320
-0.382781
0.336873
0.336467
0.335250
0.333226
0.330398
0.326775
0.322364
0.317176
0.311225
0.304523
0.297087
0.288936
0.280089
0.270566
0.260392
0.249591
0.238188
0.226211
0.213689
0.200652
0.187132
0.173161
0.158772
0.144001
0.128882
0.113453
0.097750
0.081812
0.065676
0.049382
0.032969
0.016476
-0.000056
-0.016589
-0.033082
-0.049495
-0.065789
-0.081925
-0.097863
-0.113566
-0.128995
-0.144114
-0.158885
-0.173274
-0.187245
-0.200765
-0.213802
-0.226324
-0.238301
-0.249704
-0.260506
-0.270680
-0.280202
-0.289049
-0.297200
-0.304635
-0.311337
-0.317289
-0.322476
-0.326887
-0.330510
-0.333338
-0.335362
-0.336578
-0.336984
0.290264
0.289914
0.288866
0.287121
0.284685
0.281563
0.277762
0.273292
0.268164
0.262389
0.255982
0.248958
0.241335
0.233130
0.224363
0.215056
0.205230
0.194910
0.184121
0.172887
0.161237
0.149199
0.136800
0.124072
0.111045
0.097750
0.084220
0.070486
0.056583
0.042543
0.028400
0.014189
-0.000057
-0.014302
-0.028513
-0.042656
-0.056696
-0.070600
-0.084333
-0.097864
-0.111159
-0.124186
-0.136914
-0.149312
-0.161351
-0.173001
-0.184234
-0.195024
-0.205344
-0.215170
-0.224477
-0.233244
-0.241449
-0.249072
-0.256096
-0.262502
-0.268277
-0.273405
-0.277875
-0.281676
-0.284798
-0.287234
-0.288978
-0.290027
-0.290376
0.242956
0.242663
0.241785
0.240325
0.238286
0.235672
0.232491
0.228749
0.224457
0.219623
0.214260
0.208381
0.202000
0.195131
0.187793
0.180003
0.171778
0.163140
0.154108
0.144705
0.134954
0.124877
0.114499
0.103845
0.092940
0.081812
0.070486
0.058991
0.047353
0.035601
0.023763
0.011867
-0.000057
-0.011981
-0.023877
-0.035715
-0.047467
-0.059105
-0.070600
-0.081926
-0.093055
-0.103959
-0.114613
-0.124991
-0.135068
-0.144820
-0.154222
-0.163254
-0.171892
-0.180117
-0.187908
-0.195246
-0.202114
-0.208495
-0.214374
-0.219737
-0.224571
-0.228863
-0.232605
-0.235786
-0.238400
-0.240439
-0.241899
-0.242776
-0.243069
0.195062
0.194827
0.194123
0.192950
0.191313
0.189214
0.186660
0.183656
0.180209
0.176328
0.172022
0.167301
0.162177
0.156663
0.150771
0.144516
0.137912
0.130976
0.123725
0.116175
0.108345
0.100254
0.091921
0.083367
0.074612
0.065677
0.056583
0.047353
0.038009
0.028573
0.019068
0.009517
-0.000057
-0.009631
-0.019182
-0.028687
-0.038123
-0.047468
-0.056698
-0.065791
-0.074727
-0.083482
-0.092036
-0.100369
-0.108460
-0.116290
-0.123839
-0.131091
-0.138027
-0.144631
-0.150886
-0.156778
-0.162293
-0.167416
-0.172137
-0.176443
-0.180324
-0.183770
-0.186775
-0.189329
-0.191427
-0.193065
-0.194237
-0.194941
-0.195176
0.146699
0.146522
0.145992
0.145110
0.143879
0.142300
0.140379
0.138120
0.135527
0.132608
0.129369
0.125818
0.121965
0.117817
0.113385
0.108680
0.103714
0.098497
0.093043
0.087364
0.081475
0.075390
0.069122
0.062688
0.056103
0.049383
0.042543
0.035601
0.028573
0.021476
0.014327
0.007143
-0.000058
-0.007258
-0.014442
-0.021591
-0.028688
-0.035716
-0.042659
-0.049498
-0.056219
-0.062804
-0.069238
-0.075505
-0.081591
-0.087480
-0.093158
-0.098612
-0.103829
-0.108796
-0.113501
-0.117933
-0.122080
-0.125934
-0.129485
-0.132723
-0.135643
-0.138235
-0.140495
-0.142416
-0.143994
-0.145226
-0.146107
-0.146637
-0.146814
0.097982
0.097864
0.097510
0.096921
0.096098
0.095044
0.093760
0.092251
0.090519
0.088568
0.086404
0.084032
0.081458
0.078687
0.075726
0.072583
0.069265
0.065780
0.062136
0.058343
0.054409
0.050343
0.046157
0.041858
0.037459
0.032970
0.028401
0.023763
0.019068
0.014327
0.009551
0.004753
-0.000058
-0.004868
-0.009667
-0.014443
-0.019184
-0.023879
-0.028517
-0.033086
-0.037575
-0.041975
-0.046273
-0.050460
-0.054525
-0.058459
-0.062253
-0.065896
-0.069381
-0.072700
-0.075843
-0.078804
-0.081574
-0.084149
-0.086521
-0.088685
-0.090635
-0.092367
-0.093876
-0.095160
-0.096214
-0.097037
-0.097626
-0.097980
-0.098098
0.049030
0.048971
0.048793
0.048498
0.048086
0.047558
0.046915
0.046159
0.045292
0.044315
0.043232
0.042044
0.040755
0.039367
0.037885
0.036311
0.034649
0.032904
0.031080
0.029181
0.027211
0.025176
0.023079
0.020928
0.018725
0.016477
0.014190
0.011868
0.009517
0.007144
0.004753
0.002350
-0.000058
-0.002467
-0.004869
-0.007260
-0.009634
-0.011984
-0.014306
-0.016594
-0.018842
-0.021044
-0.023196
-0.025293
-0.027328
-0.029298
-0.031197
-0.033022
-0.034767
-0.036428
-0.038002
-0.039485
-0.040872
-0.042161
-0.043349
-0.044433
-0.045409
-0.046276
-0.047032
-0.047675
-0.048203
-0.048615
-0.048910
-0.049087
-0.049147
-0.000041
-0.000041
-0.000041
-0.000041
-0.000042
-0.000042
-0.000043
-0.000043
-0.000044
-0.000044
-0.000045
-0.000046
-0.000047
-0.000047
-0.000048
-0.000049
-0.000050
-0.000051
-0.000051
-0.000052
-0.000052
-0.000053
-0.000053
-0.000054
-0.000054
-0.000055
-0.000055
-0.000056
-0.000056
-0.000057
-0.000057
-0.000058
-0.000058
-0.000059
-0.000060
-0.000060
-0.000061
-0.000061
-0.000062
-0.000062
-0.000063
-0.000064
-0.000064
-0.000065
-0.000066
-0.000066
-0.000067
-0.000068
-0.000069
-0.000069
-0.000070
-0.000071
-0.000072
-0.000072
-0.000073
-0.000074
-0.000074
-0.000075
-0.000075
-0.000076
-0.000076
-0.000076
-0.000076
-0.000077
-0.000077
-0.049112
-0.049053
-0.048876
-0.048581
-0.048170
-0.047642
-0.047000
-0.046246
-0.045379
-0.044404
-0.043322
-0.042136
-0.040848
-0.039462
-0.037981
-0.036409
-0.034749
-0.033005
-0.031182
-0.029284
-0.027316
-0.025281
-0.023186
-0.021035
-0.018834
-0.016587
-0.014301
-0.011980
-0.009630
-0.007258
-0.004868
-0.002466
-0.000059
0.002349
0.004750
0.007140
0.009513
0.011862
0.014183
0.016469
0.018716
0.020917
0.023068
0.025163
0.027197
0.029165
0.031063
0.032886
0.034630
0.036290
0.037862
0.039343
0.040729
0.042017
0.043203
0.044285
0.045260
0.046127
0.046882
0.047524
0.048051
0.048462
0.048757
0.048934
0.048993
-0.098064
-0.097946
-0.097592
-0.097003
-0.096181
-0.095128
-0.093845
-0.092337
-0.090606
-0.088657
-0.086495
-0.084124
-0.081551
-0.078782
-0.075823
-0.072681
-0.069365
-0.065881
-0.062239
-0.058447
-0.054514
-0.050449
-0.046264
-0.041966
-0.037568
-0.033080
-0.028512
-0.023875
-0.019181
-0.014441
-0.009666
-0.004869
-0.000059
0.004750
0.009548
0.014323
0.019063
0.023757
0.028393
0.032961
0.037449
0.041847
0.046144
0.050330
0.054394
0.058327
0.062119
0.065761
0.069244
0.072561
0.075703
0.078662
0.081431
0.084004
0.086375
0.088537
0.090486
0.092217
0.093725
0.095008
0.096062
0.096884
0.097473
0.097827
0.097945
-0.146780
-0.146603
-0.146074
-0.145192
-0.143962
-0.142384
-0.140464
-0.138205
-0.135614
-0.132696
-0.129459
-0.125910
-0.122058
-0.117912
-0.113482
-0.108779
-0.103813
-0.098598
-0.093145
-0.087468
-0.081580
-0.075496
-0.069229
-0.062796
-0.056212
-0.049493
-0.042654
-0.035713
-0.028686
-0.021590
-0.014442
-0.007259
-0.000059
0.007140
0.014323
0.021471
0.028567
0.035594
0.042535
0.049373
0.056093
0.062677
0.069109
0.075375
0.081460
0.087347
0.093024
0.098477
0.103692
0.108657
0.113361
0.117791
0.121937
0.125789
0.129338
0.132575
0.135493
0.138085
0.140343
0.142264
0.143841
0.145072
0.145953
0.146483
0.146660
-0.195143
-0.194908
-0.194203
-0.193032
-0.191395
-0.189297
-0.186744
-0.183741
-0.180296
-0.176416
-0.172112
-0.167393
-0.162271
-0.156758
-0.150868
-0.144614
-0.138012
-0.131078
-0.123828
-0.116279
-0.108450
-0.100360
-0.092029
-0.083475
-0.074721
-0.065787
-0.056694
-0.047465
-0.038122
-0.028687
-0.019183
-0.009633
-0.000060
0.009513
0.019063
0.028567
0.038002
0.047345
0.056574
0.065667
0.074601
0.083355
0.091908
0.100239
0.108329
0.116157
0.123706
0.130956
0.137890
0.144492
0.150745
0.156636
0.162149
0.167271
0.171990
0.176294
0.180174
0.183619
0.186623
0.189176
0.191274
0.192910
0.194082
0.194787
0.195022
-0.243035
-0.242742
-0.241865
-0.240406
-0.238367
-0.235755
-0.232574
-0.228834
-0.224543
-0.219711
-0.214350
-0.208472
-0.202093
-0.195227
-0.187890
-0.180101
-0.171879
-0.163242
-0.154212
-0.144810
-0.135060
-0.124984
-0.114606
-0.103953
-0.093050
-0.081922
-0.070598
-0.059103
-0.047466
-0.035715
-0.023878
-0.011983
-0.000060
0.011863
0.023757
0.035594
0.047345
0.058982
0.070477
0.081801
0.092929
0.103832
0.114485
0.124861
0.134937
0.144687
0.154089
0.163118
0.171755
0.179978
0.187767
0.195103
0.201970
0.208349
0.214227
0.219588
0.224420
0.228712
0.232452
0.235633
0.238245
0.240284
0.241743
0.242621
0.242913
-0.290342
-0.289992
-0.288945
-0.287201
-0.284765
-0.281644
-0.277845
-0.273376
-0.268249
-0.262476
-0.256071
-0.249050
-0.241428
-0.233225
-0.224460
-0.215155
-0.205331
-0.195013
-0.184225
-0.172993
-0.161344
-0.149306
-0.136908
-0.124181
-0.111155
-0.097861
-0.084331
-0.070598
-0.056696
-0.042657
-0.028515
-0.014305
-0.000060
0.014184
0.028394
0.042536
0.056575
0.070477
0.084210
0.097739
0.111033
0.124059
0.136786
0.149183
0.161220
0.172869
0.184100
0.194888
0.205207
0.215030
0.224336
0.233101
0.241304
0.248926
0.255948
0.262353
0.268126
0.273253
0.277721
0.281521
0.284642
0.287078
0.288822
0.289870
0.290219
-0.336950
-0.336544
-0.335328
-0.333304
-0.330478
-0.326855
-0.322446
-0.317260
-0.311310
-0.304610
-0.297176
-0.289027
-0.280182
-0.270662
-0.260490
-0.249690
-0.238289
-0.226314
-0.213794
-0.200758
-0.187239
-0.173268
-0.158880
-0.144109
-0.128992
-0.113563
-0.097861
-0.081924
-0.065789
-0.049496
-0.033084
-0.016592
-0.000061
0.016471
0.032962
0.049374
0.065667
0.081802
0.097739
0.113441
0.128869
0.143986
0.158757
0.173144
0.187114
0.200633
0.213668
0.226189
0.238164
0.249564
0.260364
0.270536
0.280057
0.288902
0.297051
0.304485
0.311185
0.317135
0.322321
0.326731
0.330354
0.333180
0.335204
0.336420
0.336826
-0.382746
-0.382285
-0.380903
-0.378605
-0.375394
-0.371279
-0.366270
-0.360379
-0.353620
-0.346009
-0.337565
-0.328309
-0.318261
-0.307447
-0.295892
-0.283624
-0.270673
-0.257071
-0.242848
-0.228040
-0.212683
-0.196814
-0.180470
-0.163691
-0.146518
-0.128993
-0.111156
-0.093052
-0.074724
-0.056217
-0.037573
-0.018840
-0.000061
0.018718
0.037451
0.056094
0.074602
0.092930
0.111033
0.128869
0.146395
0.163567
0.180345
0.196689
0.212558
0.227914
0.242722
0.256944
0.270546
0.283497
0.295765
0.307320
0.318135
0.328182
0.337440
0.345884
0.353495
0.360254
0.366145
0.371154
0.375269
0.378480
0.380779
0.382160
0.382621
-0.427620
-0.427105
-0.425561
-0.422993
-0.419406
-0.414808
-0.409212
-0.402630
-0.395079
-0.386575
-0.377141
-0.366799
-0.355573
-0.343491
-0.330581
-0.316875
-0.302406
-0.287208
-0.271317
-0.254773
-0.237615
-0.219885
-0.201624
-0.182878
-0.163692
-0.144111
-0.124183
-0.103957
-0.083480
-0.062802
-0.041972
-0.021042
-0.000062
0.020919
0.041849
0.062678
0.083356
0.103833
0.124060
0.143987
0.163568
0.182754
0.201499
0.219759
0.237489
0.254646
0.271190
0.287080
0.302278
0.316747
0.330453
0.343363
0.355446
0.366672
0.377015
0.386449
0.394952
0.402504
0.409086
0.414682
0.419280
0.422867
0.425436
0.426979
0.427494
-0.471464
-0.470896
-0.469194
-0.466362
-0.462407
-0.457338
-0.451168
-0.443911
-0.435586
-0.426210
-0.415809
-0.404406
-0.392029
-0.378708
-0.364474
-0.349362
-0.333409
-0.316653
-0.299133
-0.280893
-0.261975
-0.242426
-0.222294
-0.201625
-0.180471
-0.158883
-0.136912
-0.114611
-0.092034
-0.069235
-0.046270
-0.023194
-0.000062
0.023070
0.046147
0.069112
0.091910
0.114487
0.136787
0.158758
0.180346
0.201500
0.222167
0.242300
0.261848
0.280765
0.299005
0.316524
0.333281
0.349233
0.364345
0.378579
0.391900
0.404278
0.415681
0.426083
0.435458
0.443784
0.451041
0.457211
0.462280
0.466235
0.469067
0.470769
0.471337
-0.514172
-0.513553
-0.511697
-0.508608
-0.504295
-0.498767
-0.492037
-0.484123
-0.475043
-0.464819
-0.453475
-0.441039
-0.427541
-0.413012
-0.397489
-0.381008
-0.363610
-0.345335
-0.326228
-0.306335
-0.285704
-0.264384
-0.242427
-0.219886
-0.196816
-0.173272
-0.149310
-0.124989
-0.100366
-0.075503
-0.050457
-0.025290
-0.000062
0.025166
0.050333
0.075378
0.100242
0.124864
0.149185
0.173146
0.196690
0.219760
0.242301
0.264257
0.285576
0.306207
0.326099
0.345205
0.363480
0.380879
0.397359
0.412882
0.427411
0.440909
0.453346
0.464690
0.474915
0.483995
0.491910
0.498639
0.504167
0.508480
0.511569
0.513425
0.514044
-0.555641
-0.554972
-0.552967
-0.549629
-0.544967
-0.538994
-0.531721
-0.523169
-0.513356
-0.502307
-0.490049
-0.476609
-0.462022
-0.446322
-0.429547
-0.411737
-0.392935
-0.373186
-0.352538
-0.331040
-0.308745
-0.285705
-0.261977
-0.237618
-0.212687
-0.187243
-0.161349
-0.135066
-0.108457
-0.081588
-0.054522
-0.027325
-0.000063
0.027200
0.054397
0.081463
0.108332
0.134940
0.161223
0.187117
0.212560
0.237491
0.261850
0.285577
0.308616
0.330911
0.352408
0.373055
0.392804
0.411606
0.429416
0.446191
0.461891
0.476479
0.489918
0.502178
0.513227
0.523040
0.531592
0.538865
0.544839
0.549500
0.552838
0.554844
0.555513
-0.595772
-0.595055
-0.592904
-0.589326
-0.584327
-0.577922
-0.570124
-0.560954
-0.550433
-0.538586
-0.525441
-0.511032
-0.495391
-0.478556
-0.460569
-0.441473
-0.421313
-0.400138
-0.377999
-0.354948
-0.331042
-0.306338
-0.280896
-0.254778
-0.228045
-0.200764
-0.172999
-0.144817
-0.116287
-0.087477
-0.058456
-0.029295
-0.000063
0.029169
0.058330
0.087351
0.116161
0.144691
0.172872
0.200637
0.227918
0.254650
0.280768
0.306209
0.330912
0.354817
0.377867
0.400006
0.421181
0.441341
0.460438
0.478425
0.495259
0.510900
0.525311
0.538455
0.550303
0.560824
0.569995
0.577792
0.584198
0.589196
0.592775
0.594926
0.595643
-0.634468
-0.633704
-0.631414
-0.627602
-0.622279
-0.615458
-0.607154
-0.597388
-0.586183
-0.573567
-0.559569
-0.544222
-0.527566
-0.509638
-0.490483
-0.470146
-0.448677
-0.426126
-0.402548
-0.378000
-0.352541
-0.326233
-0.299138
-0.271323
-0.242855
-0.213801
-0.184233
-0.154220
-0.123837
-0.093155
-0.062250
-0.031194
-0.000063
0.031067
0.062123
0.093029
0.123710
0.154094
0.184105
0.213674
0.242727
0.271195
0.299009
0.326103
0.352411
0.377869
0.402416
0.425993
0.448543
0.470013
0.490350
0.509506
0.527434
0.544091
0.559437
0.573436
0.586053
0.597258
0.607024
0.615328
0.622149
0.627473
0.631284
0.633574
0.634338
-0.671635
-0.670826
-0.668401
-0.664367
-0.658733
-0.651511
-0.642721
-0.632383
-0.620522
-0.607166
-0.592347
-0.576102
-0.558470
-0.539492
-0.519214
-0.497686
-0.474959
-0.451087
-0.426128
-0.400142
-0.373192
-0.345342
-0.316660
-0.287215
-0.257079
-0.226323
-0.195022
-0.163252
-0.131089
-0.098610
-0.065893
-0.033018
-0.000064
0.032891
0.065766
0.098482
0.130961
0.163125
0.194895
0.226195
0.256950
0.287086
0.316530
0.345211
0.373060
0.400010
0.425995
0.450953
0.474825
0.497553
0.519081
0.539359
0.558337
0.575971
0.592216
0.607035
0.620391
0.632252
0.642590
0.651381
0.658602
0.664237
0.668271
0.670695
0.671504
-0.707184
-0.706332
-0.703780
-0.699532
-0.693599
-0.685996
-0.676740
-0.665855
-0.653366
-0.639302
-0.623700
-0.606595
-0.588028
-0.568046
-0.546695
-0.524027
-0.500097
-0.474962
-0.448682
-0.421320
-0.392943
-0.363619
-0.333419
-0.302416
-0.270684
-0.238300
-0.205343
-0.171891
-0.138025
-0.103826
-0.069378
-0.034763
-0.000064
0.034635
0.069250
0.103698
0.137897
0.171762
0.205214
0.238172
0.270555
0.302286
0.333289
0.363488
0.392811
0.421187
0.448548
0.474827
0.499963
0.523893
0.546562
0.567913
0.587896
0.606463
0.623568
0.639171
0.653234
0.665723
0.676609
0.685865
0.693468
0.699401
0.703648
0.706201
0.707053
-0.741029
-0.740137
-0.737462
-0.733011
-0.726794
-0.718827
-0.709129
-0.697723
-0.684635
-0.669899
-0.653549
-0.635626
-0.616170
-0.595232
-0.572859
-0.549106
-0.524031
-0.497692
-0.470154
-0.441483
-0.411748
-0.381021
-0.349375
-0.316888
-0.283637
-0.249703
-0.215168
-0.180115
-0.144628
-0.108793
-0.072696
-0.036424
-0.000064
0.036295
0.072568
0.108665
0.144500
0.179986
0.215039
0.249574
0.283507
0.316757
0.349244
0.380888
0.411615
0.441349
0.470019
0.497557
0.523896
0.548972
0.572725
0.595098
0.616037
0.635493
0.653417
0.669767
0.684503
0.697591
0.708997
0.718696
0.726663
0.732880
0.737331
0.740005
0.740898
-0.773089
-0.772158
-0.769368
-0.764725
-0.758239
-0.749927
-0.739809
-0.727909
-0.714256
-0.698882
-0.681825
-0.663125
-0.642828
-0.620984
-0.597643
-0.572863
-0.546702
-0.519224
-0.490495
-0.460583
-0.429561
-0.397504
-0.364489
-0.330596
-0.295907
-0.260505
-0.224476
-0.187906
-0.150884
-0.113498
-0.075839
-0.037997
-0.000065
0.037868
0.075710
0.113369
0.150754
0.187777
0.224346
0.260375
0.295777
0.330465
0.364357
0.397371
0.429427
0.460448
0.490359
0.519088
0.546566
0.572727
0.597508
0.620850
0.642695
0.662992
0.681692
0.698749
0.714124
0.727777
0.739677
0.749796
0.758107
0.764593
0.769237
0.772027
0.772958
-0.803288
-0.802320
-0.799421
-0.794596
-0.787858
-0.779221
-0.768707
-0.756342
-0.742155
-0.726181
-0.708458
-0.689028
-0.667938
-0.645240
-0.620987
-0.595239
-0.568057
-0.539505
-0.509653
-0.478573
-0.446339
-0.413030
-0.378725
-0.343509
-0.307465
-0.270680
-0.233243
-0.195245
-0.156776
-0.117930
-0.078799
-0.039480
-0.000065
0.039350
0.078670
0.117800
0.156646
0.195114
0.233112
0.270549
0.307333
0.343377
0.378593
0.412896
0.446205
0.478437
0.509517
0.539368
0.567920
0.595103
0.620852
0.645105
0.667804
0.688894
0.708324
0.726048
0.742023
0.756210
0.768576
0.779089
0.787726
0.794464
0.799290
0.802189
0.803157
-0.831551
-0.830550
-0.827549
-0.822554
-0.815578
-0.806637
-0.795754
-0.782954
-0.768267
-0.751731
-0.733384
-0.713270
-0.691438
-0.667941
-0.642836
-0.616181
-0.588042
-0.558486
-0.527584
-0.495410
-0.462042
-0.427561
-0.392050
-0.355594
-0.318281
-0.280202
-0.241448
-0.202113
-0.162290
-0.122077
-0.081570
-0.040867
-0.000065
0.040736
0.081440
0.121947
0.162160
0.201982
0.241317
0.280071
0.318149
0.355461
0.391916
0.427427
0.461907
0.495274
0.527447
0.558349
0.587905
0.616045
0.642700
0.667807
0.691304
0.713136
0.733250
0.751598
0.768135
0.782821
0.795622
0.806505
0.815446
0.822422
0.827417
0.830418
0.831420
-0.857812
-0.856779
-0.853683
-0.848530
-0.841333
-0.832110
-0.820883
-0.807679
-0.792529
-0.775470
-0.756543
-0.735795
-0.713273
-0.689034
-0.663136
-0.635639
-0.606612
-0.576122
-0.544243
-0.511054
-0.476632
-0.441062
-0.404429
-0.366822
-0.328332
-0.289050
-0.249072
-0.208494
-0.167414
-0.125931
-0.084145
-0.042156
-0.000065
0.042025
0.084014
0.125800
0.167283
0.208362
0.248940
0.288918
0.328199
0.366689
0.404295
0.440927
0.476496
0.510917
0.544106
0.575984
0.606474
0.635502
0.663000
0.688899
0.713138
0.735660
0.756410
0.775337
0.792396
0.807546
0.820751
0.831978
0.841201
0.848397
0.853550
0.856646
0.857680
-0.882006
-0.880944
-0.877760
-0.872462
-0.865063
-0.855579
-0.844035
-0.830458
-0.814881
-0.797341
-0.777881
-0.756547
-0.733390
-0.708468
-0.681838
-0.653566
-0.623720
-0.592370
-0.559592
-0.525466
-0.490074
-0.453501
-0.415835
-0.377167
-0.337591
-0.297201
-0.256096
-0.214373
-0.172135
-0.129481
-0.086516
-0.043343
-0.000066
0.043212
0.086385
0.129350
0.172002
0.214241
0.255963
0.297068
0.337457
0.377033
0.415700
0.453365
0.489937
0.525329
0.559454
0.592231
0.623581
0.653429
0.681702
0.708332
0.733255
0.756412
0.777746
0.797207
0.814748
0.830325
0.843902
0.855446
0.864929
0.872328
0.877626
0.880810
0.881873
-0.904076
-0.902987
-0.899723
-0.894293
-0.886708
-0.876987
-0.865154
-0.851238
-0.835271
-0.817292
-0.797345
-0.775476
-0.751741
-0.726194
-0.698898
-0.669918
-0.639325
-0.607191
-0.573593
-0.538613
-0.502336
-0.464847
-0.426239
-0.386604
-0.346037
-0.304637
-0.262503
-0.219736
-0.176441
-0.132720
-0.088680
-0.044426
-0.000066
0.044294
0.088548
0.132588
0.176308
0.219603
0.262369
0.304503
0.345903
0.386469
0.426103
0.464711
0.502198
0.538475
0.573454
0.607051
0.639186
0.669781
0.698761
0.726058
0.751605
0.775341
0.797210
0.817157
0.835136
0.851104
0.865020
0.876853
0.886573
0.894158
0.899589
0.902852
0.903940
-0.923967
-0.922855
-0.919520
-0.913969
-0.906217
-0.896282
-0.884189
-0.869966
-0.853648
-0.835273
-0.814887
-0.792538
-0.768280
-0.742171
-0.714275
-0.684657
-0.653390
-0.620549
-0.586212
-0.550463
-0.513387
-0.475074
-0.435616
-0.395109
-0.353650
-0.311339
-0.268277
-0.224570
-0.180322
-0.135639
-0.090630
-0.045403
-0.000066
0.045270
0.090497
0.135506
0.180188
0.224436
0.268143
0.311204
0.353515
0.394973
0.435480
0.474937
0.513249
0.550324
0.586073
0.620409
0.653251
0.684519
0.714137
0.742034
0.768143
0.792402
0.814752
0.835138
0.853513
0.869832
0.884055
0.896147
0.906082
0.913834
0.919384
0.922719
0.923831
-0.941633
-0.940500
-0.937100
-0.931443
-0.923543
-0.913418
-0.901094
-0.886599
-0.869969
-0.851243
-0.830467
-0.807691
-0.782969
-0.756360
-0.727930
-0.697746
-0.665882
-0.632412
-0.597419
-0.560987
-0.523202
-0.484157
-0.443945
-0.402663
-0.360411
-0.317291
-0.273406
-0.228863
-0.183768
-0.138232
-0.092362
-0.046270
-0.000067
0.046137
0.092229
0.138098
0.183635
0.228729
0.273271
0.317155
0.360275
0.402526
0.443807
0.484018
0.523063
0.560847
0.597279
0.632272
0.665742
0.697607
0.727792
0.756223
0.782831
0.807554
0.830331
0.851107
0.869833
0.886464
0.900959
0.913283
0.923408
0.931308
0.936964
0.940363
0.941496
-0.957031
-0.955879
-0.952424
-0.946674
-0.938645
-0.928354
-0.915828
-0.901097
-0.884194
-0.865162
-0.844046
-0.820897
-0.795771
-0.768728
-0.739832
-0.709155
-0.676769
-0.642752
-0.607187
-0.570159
-0.531757
-0.492073
-0.451203
-0.409246
-0.366303
-0.322478
-0.277876
-0.232604
-0.186773
-0.140491
-0.093871
-0.047026
-0.000067
0.046892
0.093738
0.140357
0.186638
0.232470
0.277741
0.322342
0.366167
0.409109
0.451065
0.491934
0.531617
0.570019
0.607047
0.642612
0.676629
0.709016
0.739693
0.768589
0.795633
0.820760
0.843909
0.865026
0.884058
0.900961
0.915693
0.928219
0.938509
0.946538
0.952286
0.955741
0.956893
-0.970123
-0.968955
-0.965453
-0.959624
-0.951485
-0.941054
-0.928357
-0.913423
-0.896289
-0.876997
-0.855592
-0.832126
-0.806656
-0.779243
-0.749952
-0.718855
-0.686026
-0.651544
-0.615493
-0.577958
-0.539030
-0.498804
-0.457375
-0.414844
-0.371314
-0.326889
-0.281676
-0.235786
-0.189327
-0.142412
-0.095155
-0.047668
-0.000067
0.047534
0.095021
0.142278
0.189192
0.235651
0.281541
0.326753
0.371177
0.414706
0.457236
0.498664
0.538890
0.577817
0.615352
0.651404
0.685886
0.718716
0.749814
0.779105
0.806519
0.831989
0.855455
0.876860
0.896153
0.913287
0.928221
0.940918
0.951349
0.959488
0.965315
0.968817
0.969985
-0.980878
-0.979697
-0.976156
-0.970263
-0.962034
-0.951487
-0.938648
-0.923549
-0.906225
-0.886719
-0.865077
-0.841351
-0.815598
-0.787881
-0.758265
-0.726824
-0.693631
-0.658767
-0.622316
-0.584365
-0.545006
-0.504333
-0.462445
-0.419443
-0.375430
-0.330512
-0.284799
-0.238399
-0.191425
-0.143990
-0.096209
-0.048196
-0.000067
0.048062
0.096075
0.143856
0.191290
0.238264
0.284663
0.330376
0.375292
0.419304
0.462306
0.504193
0.544864
0.584223
0.622174
0.658626
0.693491
0.726684
0.758127
0.787743
0.815461
0.841214
0.864940
0.886582
0.906089
0.923413
0.938512
0.951351
0.961897
0.970126
0.976018
0.979559
0.980740
-0.989270
-0.988079
-0.984508
-0.978565
-0.970265
-0.959628
-0.946679
-0.931451
-0.913979
-0.894306
-0.872478
-0.848549
-0.822576
-0.794621
-0.764753
-0.733042
-0.699565
-0.664403
-0.627640
-0.589364
-0.549668
-0.508648
-0.466401
-0.423031
-0.378641
-0.333340
-0.287235
-0.240438
-0.193062
-0.145222
-0.097032
-0.048608
-0.000067
0.048473
0.096897
0.145087
0.192927
0.240303
0.287099
0.333203
0.378503
0.422892
0.466261
0.508507
0.549526
0.589222
0.627497
0.664261
0.699424
0.732902
0.764613
0.794483
0.822438
0.848412
0.872341
0.894168
0.913842
0.931314
0.946543
0.959491
0.970128
0.978427
0.984370
0.987941
0.989133
-0.995280
-0.994081
-0.990488
-0.984509
-0.976159
-0.965457
-0.952430
-0.937109
-0.919531
-0.899738
-0.877778
-0.853703
-0.827572
-0.799448
-0.769398
-0.737494
-0.703814
-0.668438
-0.631452
-0.592944
-0.553007
-0.511737
-0.469234
-0.425600
-0.380941
-0.335364
-0.288979
-0.241898
-0.194235
-0.146104
-0.097621
-0.048903
-0.000067
0.048768
0.097486
0.145969
0.194100
0.241763
0.288843
0.335227
0.380803
0.425461
0.469093
0.511595
0.552864
0.592801
0.631309
0.668296
0.703672
0.737354
0.769258
0.799309
0.827434
0.853565
0.877640
0.899600
0.919393
0.936972
0.952292
0.965319
0.976021
0.984371
0.990349
0.993943
0.995142
-0.998892
-0.997689
-0.994082
-0.988082
-0.979701
-0.968961
-0.955886
-0.940510
-0.922868
-0.903003
-0.880963
-0.856801
-0.830575
-0.802348
-0.772189
-0.740170
-0.706367
-0.670863
-0.633743
-0.595095
-0.555013
-0.513593
-0.470936
-0.427144
-0.382323
-0.336581
-0.290027
-0.242776
-0.194939
-0.146634
-0.097975
-0.049080
-0.000067
0.048945
0.097840
0.146499
0.194804
0.242640
0.289891
0.336443
0.382184
0.427005
0.470795
0.513452
0.554870
0.594952
0.633599
0.670721
0.706225
0.740029
0.772049
0.802209
0.830437
0.856663
0.880824
0.902865
0.922730
0.940372
0.955748
0.968822
0.979562
0.987943
0.993944
0.997550
0.998753
-1.000097
-0.998893
-0.995282
-0.989275
-0.980884
-0.970130
-0.957040
-0.941645
-0.923981
-0.904093
-0.882026
-0.857835
-0.831577
-0.803316
-0.773121
-0.741063
-0.707219
-0.671672
-0.634507
-0.595812
-0.555682
-0.514213
-0.471504
-0.427659
-0.382784
-0.336986
-0.290377
-0.243069
-0.195175
-0.146811
-0.098093
-0.049139
-0.000067
0.049004
0.097958
0.146675
0.195039
0.242933
0.290240
0.336849
0.382645
0.427519
0.471363
0.514071
0.555539
0.595669
0.634364
0.671529
0.707077
0.740922
0.772981
0.803177
0.831438
0.857696
0.881887
0.903954
0.923843
0.941507
0.956901
0.969991
0.980744
0.989135
0.995143
0.998754
0.999958
