0.000000
0.000000
0.000000
0.000000
0.000000
0.000000
0.000000
0.000000
0.000000
0.000000
0.000000
0.000000
0.000000
0.000000
0.000000
0.000000
0.000000
0.000000
0.000000
0.000000
0.000000
0.000000
0.000000
0.000000
0.000000
0.000000
0.000000
0.000000
0.000000
0.000000
0.000000
0.000000
0.000000
0.000000
0.000000
0.000000
0.000000
0.000000
0.000000
0.000000
0.000000
0.000000
0.000000
0.000000
0.000000
0.000000
0.000000
0.000000
0.000000
0.000000
0.000000
0.000000
0.000000
0.000000
0.000000
0.000000
0.000000
0.000000
0.000000
0.000000
0.000000
0.000000
0.000000
0.000000
0.000000
0.000000
0.000961
0.001907
0.002839
0.003754
0.004655
0.005541
0.006411
0.007266
0.008106
0.008931
0.009741
0.010536
0.011316
0.012080
0.012829
0.013564
0.014282
0.014986
0.015675
0.016349
0.017007
0.017651
0.018279
0.018892
0.019490
0.020073
0.020640
0.021193
0.021730
0.022252
0.022760
0.023252
0.023728
0.024190
0.024637
0.025068
0.025484
0.025886
0.026272
0.026643
0.026998
0.027339
0.027664
0.027975
0.028270
0.028550
0.028815
0.029065
0.029300
0.029519
0.029724
0.029913
0.030087
0.030246
0.030390
0.030519
0.030632
0.030731
0.030814
0.030883
0.030936
0.030973
0.030996
0.031004
0.000000
0.001907
0.003785
0.005633
0.007450
0.009237
0.010995
0.012722
0.014419
0.016086
0.017723
0.019330
0.020907
0.022454
0.023971
0.025458
0.026915
0.028342
0.029739
0.031105
0.032442
0.033749
0.035025
0.036272
0.037489
0.038675
0.039832
0.040958
0.042054
0.043121
0.044157
0.045164
0.046140
0.047086
0.048002
0.048888
0.049745
0.050571
0.051367
0.052133
0.052869
0.053575
0.054251
0.054897
0.055513
0.056098
0.056654
0.057180
0.057676
0.058142
0.058577
0.058983
0.059359
0.059704
0.060020
0.060305
0.060561
0.060786
0.060982
0.061147
0.061283
0.061388
0.061463
0.061508
0.061523
0.000000
0.002839
0.005633
0.008382
0.011086
0.013746
0.016361
0.018932
0.021457
0.023938
0.026374
0.028766
0.031113
0.033415
0.035672
0.037885
0.040053
0.042176
0.044255
0.046289
0.048278
0.050222
0.052122
0.053977
0.055788
0.057553
0.059274
0.060951
0.062582
0.064169
0.065711
0.067209
0.068662
0.070070
0.071433
0.072752
0.074026
0.075255
0.076440
0.077580
0.078675
0.079726
0.080732
0.081693
0.082610
0.083481
0.084309
0.085091
0.085829
0.086522
0.087170
0.087774
0.088333
0.088847
0.089317
0.089742
0.090122
0.090458
0.090749
0.090995
0.091196
0.091353
0.091465
0.091532
0.091555
0.000000
0.003754
0.007450
0.011086
0.014663
0.018181
0.021640
0.025040
0.028380
0.031661
0.034884
0.038047
0.041151
0.044196
0.047181
0.050108
0.052976
0.055784
0.058533
0.061223
0.063854
0.066426
0.068939
0.071392
0.073787
0.076122
0.078398
0.080616
0.082773
0.084872
0.086912
0.088893
0.090814
0.092677
0.094480
0.096225
0.097910
0.099536
0.101103
0.102610
0.104059
0.105448
0.106779
0.108050
0.109263
0.110416
0.111510
0.112545
0.113521
0.114437
0.115295
0.116093
0.116833
0.117513
0.118134
0.118696
0.119199
0.119643
0.120028
0.120353
0.120619
0.120827
0.120975
0.121064
0.121094
0.000000
0.004655
0.009237
0.013746
0.018181
0.022543
0.026831
0.031047
0.035189
0.039257
0.043253
0.047175
0.051023
0.054798
0.058500
0.062129
0.065684
0.069166
0.072575
0.075911
0.079173
0.082361
0.085477
0.088520
0.091488
0.094384
0.097206
0.099955
0.102631
0.105233
0.107763
0.110219
0.112601
0.114910
0.117146
0.119309
0.121398
0.123414
0.125357
0.127227
0.129023
0.130746
0.132396
0.133972
0.135475
0.136905
0.138261
0.139545
0.140755
0.141891
0.142954
0.143945
0.144861
0.145705
0.146475
0.147172
0.147795
0.148346
0.148823
0.149226
0.149556
0.149814
0.149997
0.150108
0.150145
0.000000
0.005541
0.010995
0.016361
0.021640
0.026831
0.031936
0.036954
0.041883
0.046726
0.051482
0.056150
0.060731
0.065224
0.069630
0.073950
0.078181
0.082326
0.086383
0.090353
0.094236
0.098031
0.101740
0.105361
0.108895
0.112341
0.115700
0.118973
0.122157
0.125255
0.128265
0.131188
0.134024
0.136772
0.139434
0.142008
0.144495
0.146895
0.149207
0.151433
0.153571
0.155621
0.157585
0.159461
0.161250
0.162952
0.164567
0.166094
0.167534
0.168887
0.170153
0.171331
0.172422
0.173426
0.174343
0.175172
0.175914
0.176569
0.177137
0.177618
0.178011
0.178317
0.178535
0.178667
0.178711
0.000000
0.006411
0.012722
0.018932
0.025040
0.031047
0.036954
0.042760
0.048464
0.054067
0.059570
0.064972
0.070272
0.075471
0.080570
0.085568
0.090465
0.095260
0.099955
0.104549
0.109041
0.113433
0.117724
0.121914
0.126003
0.129991
0.133878
0.137665
0.141350
0.144934
0.148417
0.151800
0.155081
0.158261
0.161341
0.164320
0.167197
0.169974
0.172650
0.175225
0.177698
0.180071
0.182343
0.184515
0.186584
0.188553
0.190422
0.192189
0.193856
0.195421
0.196886
0.198249
0.199512
0.200673
0.201734
0.202694
0.203553
0.204311
0.204968
0.205524
0.205979
0.206333
0.206586
0.206738
0.206789
0.000000
0.007266
0.014419
0.021457
0.028380
0.035189
0.041883
0.048464
0.054929
0.061280
0.067517
0.073639
0.079646
0.085539
0.091318
0.096983
0.102533
0.107968
0.113289
0.118496
0.123588
0.128565
0.133429
0.138178
0.142812
0.147332
0.151738
0.156029
0.160206
0.164268
0.168216
0.172050
0.175769
0.179373
0.182864
0.186240
0.189501
0.192648
0.195681
0.198600
0.201403
0.204093
0.206668
0.209129
0.211475
0.213707
0.215824
0.217828
0.219716
0.221490
0.223150
0.224696
0.226127
0.227443
0.228646
0.229734
0.230707
0.231566
0.232311
0.232941
0.233456
0.233858
0.234144
0.234317
0.234375
0.000000
0.008106
0.016086
0.023938
0.031661
0.039257
0.046726
0.054067
0.061280
0.068364
0.075322
0.082153
0.088855
0.095429
0.101876
0.108196
0.114387
0.120450
0.126387
0.132196
0.137876
0.143429
0.148855
0.154153
0.159323
0.164366
0.169281
0.174068
0.178728
0.183260
0.187664
0.191941
0.196090
0.200112
0.204006
0.207772
0.211411
0.214921
0.218305
0.221561
0.224689
0.227689
0.230562
0.233307
0.235925
0.238415
0.240777
0.243012
0.245119
0.247098
0.248950
0.250674
0.252271
0.253739
0.255081
0.256294
0.257380
0.258339
0.259170
0.259873
0.260448
0.260895
0.261216
0.261408
0.261473
0.000000
0.008931
0.017723
0.026374
0.034884
0.043252
0.051481
0.059570
0.067516
0.075322
0.082989
0.090514
0.097898
0.105141
0.112245
0.119208
0.126029
0.132710
0.139250
0.145651
0.151909
0.158027
0.164005
0.169843
0.175539
0.181095
0.186510
0.191785
0.196919
0.201912
0.206765
0.211477
0.216048
0.220479
0.224769
0.228919
0.232928
0.236796
0.240524
0.244111
0.247557
0.250863
0.254028
0.257053
0.259937
0.262680
0.265283
0.267746
0.270067
0.272248
0.274288
0.276188
0.277947
0.279565
0.281043
0.282380
0.283577
0.284633
0.285548
0.286322
0.286956
0.287450
0.287802
0.288014
0.288086
0.000000
0.009741
0.019330
0.028766
0.038047
0.047175
0.056150
0.064972
0.073639
0.082153
0.090514
0.098722
0.106776
0.114676
0.122424
0.130018
0.137458
0.144744
0.151878
0.158858
0.165685
0.172358
0.178878
0.185245
0.191457
0.197517
0.203423
0.209177
0.214776
0.220222
0.225515
0.230654
0.235640
0.240472
0.245152
0.249678
0.254050
0.258269
0.262335
0.266248
0.270007
0.273612
0.277065
0.280364
0.283509
0.286501
0.289340
0.292026
0.294557
0.296936
0.299161
0.301233
0.303152
0.304917
0.306529
0.307987
0.309292
0.310444
0.311442
0.312287
0.312979
0.313517
0.313901
0.314133
0.314211
0.000000
0.010536
0.020907
0.031113
0.041151
0.051023
0.060730
0.070272
0.079646
0.088855
0.097898
0.106776
0.115486
0.124031
0.132411
0.140624
0.148671
0.156552
0.164268
0.171818
0.179201
0.186418
0.193470
0.200357
0.207076
0.213630
0.220018
0.226241
0.232297
0.238187
0.243912
0.249471
0.254863
0.260090
0.265151
0.270047
0.274775
0.279338
0.283736
0.287968
0.292033
0.295933
0.299667
0.303236
0.306637
0.309873
0.312944
0.315849
0.318587
0.321160
0.323567
0.325808
0.327882
0.329792
0.331535
0.333112
0.334524
0.335769
0.336849
0.337763
0.338511
0.339093
0.339509
0.339759
0.339844
0.000000
0.011316
0.022454
0.033415
0.044195
0.054798
0.065224
0.075471
0.085539
0.095429
0.105141
0.114676
0.124031
0.133208
0.142207
0.151029
0.159671
0.168135
0.176422
0.184530
0.192460
0.200211
0.207785
0.215181
0.222397
0.229436
0.236297
0.242980
0.249484
0.255810
0.261959
0.267929
0.273720
0.279334
0.284769
0.290027
0.295106
0.300006
0.304730
0.309274
0.313641
0.317829
0.321839
0.325671
0.329325
0.332800
0.336098
0.339218
0.342159
0.344922
0.347507
0.349914
0.352142
0.354192
0.356065
0.357759
0.359275
0.360613
0.361772
0.362754
0.363557
0.364182
0.364629
0.364898
0.364989
0.000000
0.012080
0.023971
0.035672
0.047181
0.058500
0.069630
0.080570
0.091318
0.101876
0.112245
0.122424
0.132411
0.142207
0.151815
0.161233
0.170459
0.179494
0.188341
0.196997
0.205463
0.213738
0.221823
0.229719
0.237423
0.244937
0.252262
0.259396
0.266340
0.273093
0.279657
0.286031
0.292213
0.298206
0.304009
0.309622
0.315044
0.320276
0.325318
0.330170
0.334831
0.339302
0.343584
0.347675
0.351575
0.355285
0.358806
0.362136
0.365276
0.368226
0.370985
0.373555
0.375934
0.378123
0.380121
0.381930
0.383548
0.384976
0.386214
0.387262
0.388120
0.388787
0.389264
0.389552
0.389648
0.000000
0.012829
0.025458
0.037885
0.050108
0.062129
0.073950
0.085568
0.096983
0.108196
0.119208
0.130018
0.140624
0.151029
0.161233
0.171234
0.181033
0.190629
0.200024
0.209218
0.218208
0.226996
0.235584
0.243969
0.252151
0.260131
0.267910
0.275488
0.282862
0.290034
0.297005
0.303774
0.310340
0.316705
0.322868
0.328829
0.334587
0.340143
0.345499
0.350651
0.355602
0.360350
0.364897
0.369242
0.373385
0.377325
0.381064
0.384601
0.387935
0.391068
0.393999
0.396728
0.399254
0.401579
0.403702
0.405623
0.407341
0.408858
0.410173
0.411285
0.412196
0.412905
0.413412
0.413717
0.413820
0.000000
0.013563
0.026915
0.040053
0.052975
0.065684
0.078181
0.090464
0.102532
0.114387
0.126029
0.137458
0.148671
0.159671
0.170459
0.181033
0.191392
0.201537
0.211470
0.221190
0.230695
0.239986
0.249064
0.257929
0.266580
0.275017
0.283241
0.291252
0.299048
0.306631
0.314001
0.321157
0.328099
0.334827
0.341343
0.347645
0.353733
0.359607
0.365269
0.370717
0.375950
0.380971
0.385778
0.390371
0.394751
0.398917
0.402870
0.406609
0.410134
0.413446
0.416545
0.419430
0.422101
0.424558
0.426803
0.428834
0.430650
0.432254
0.433644
0.434820
0.435783
0.436533
0.437069
0.437391
0.437500
0.000000
0.014282
0.028342
0.042176
0.055784
0.069166
0.082326
0.095260
0.107968
0.120450
0.132710
0.144744
0.156552
0.168135
0.179495
0.190629
0.201537
0.212221
0.222680
0.232915
0.242924
0.252707
0.262267
0.271602
0.280711
0.289595
0.298255
0.306691
0.314900
0.322885
0.330646
0.338181
0.345491
0.352576
0.359437
0.366074
0.372484
0.378670
0.384632
0.390368
0.395879
0.401166
0.406228
0.411065
0.415676
0.420063
0.424225
0.428163
0.431875
0.435362
0.438625
0.441663
0.444476
0.447064
0.449427
0.451566
0.453479
0.455168
0.456631
0.457870
0.458884
0.459673
0.460238
0.460577
0.460692
0.000000
0.014986
0.029739
0.044255
0.058533
0.072575
0.086383
0.099955
0.113289
0.126387
0.139251
0.151878
0.164268
0.176422
0.188341
0.200025
0.211471
0.222680
0.233656
0.244395
0.254897
0.265162
0.275193
0.284989
0.294547
0.303868
0.312956
0.321807
0.330421
0.338799
0.346942
0.354849
0.362520
0.369954
0.377153
0.384117
0.390843
0.397334
0.403589
0.409609
0.415391
0.420938
0.426250
0.431325
0.436164
0.440767
0.445135
0.449266
0.453161
0.456820
0.460244
0.463432
0.466383
0.469099
0.471579
0.473822
0.475830
0.477602
0.479137
0.480438
0.481502
0.482330
0.482922
0.483278
0.483398
0.000000
0.015675
0.031105
0.046289
0.061223
0.075911
0.090353
0.104549
0.118496
0.132196
0.145651
0.158859
0.171818
0.184531
0.196998
0.209218
0.221190
0.232915
0.244395
0.255628
0.266612
0.277350
0.287842
0.298087
0.308084
0.317835
0.327340
0.336598
0.345608
0.354371
0.362888
0.371159
0.379182
0.386958
0.394488
0.401771
0.408807
0.415596
0.422139
0.428435
0.434483
0.440285
0.445841
0.451150
0.456211
0.461025
0.465594
0.469915
0.473989
0.477816
0.481397
0.484732
0.487819
0.490660
0.493253
0.495600
0.497700
0.499553
0.501160
0.502520
0.503632
0.504499
0.505118
0.505491
0.505617
0.000000
0.016349
0.032442
0.048278
0.063854
0.079173
0.094236
0.109041
0.123588
0.137876
0.151909
0.165685
0.179201
0.192460
0.205463
0.218208
0.230695
0.242924
0.254897
0.266612
0.278069
0.289268
0.300211
0.310896
0.321323
0.331493
0.341406
0.351062
0.360459
0.369599
0.378482
0.387108
0.395476
0.403586
0.411440
0.419036
0.426374
0.433455
0.440279
0.446845
0.453154
0.459205
0.464999
0.470536
0.475815
0.480836
0.485601
0.490108
0.494357
0.498349
0.502084
0.505561
0.508781
0.511743
0.514449
0.516896
0.519087
0.521019
0.522695
0.524113
0.525274
0.526178
0.526824
0.527212
0.527344
0.000000
0.017007
0.033749
0.050222
0.066426
0.082361
0.098031
0.113433
0.128565
0.143429
0.158028
0.172358
0.186418
0.200211
0.213738
0.226997
0.239986
0.252707
0.265162
0.277350
0.289268
0.300918
0.312302
0.323418
0.334264
0.344843
0.355156
0.365200
0.374976
0.384484
0.393725
0.402699
0.411403
0.419840
0.428010
0.435913
0.443546
0.450912
0.458010
0.464842
0.471404
0.477699
0.483726
0.489486
0.494978
0.500201
0.505158
0.509847
0.514267
0.518419
0.522305
0.525922
0.529272
0.532354
0.535168
0.537715
0.539993
0.542003
0.543747
0.545222
0.546430
0.547369
0.548042
0.548446
0.548583
0.000000
0.017651
0.035025
0.052122
0.068938
0.085477
0.101740
0.117724
0.133429
0.148855
0.164006
0.178878
0.193471
0.207785
0.221824
0.235584
0.249064
0.262267
0.275194
0.287842
0.300211
0.312302
0.324116
0.335653
0.346910
0.357889
0.368591
0.379016
0.389161
0.399029
0.408620
0.417933
0.426967
0.435723
0.444202
0.452403
0.460325
0.467970
0.475337
0.482427
0.489237
0.495770
0.502026
0.508004
0.513703
0.519124
0.524268
0.529134
0.533722
0.538031
0.542064
0.545818
0.549294
0.552493
0.555414
0.558056
0.560421
0.562508
0.564317
0.565848
0.567101
0.568077
0.568775
0.569194
0.569336
0.000000
0.018279
0.036272
0.053977
0.071392
0.088519
0.105361
0.121914
0.138178
0.154153
0.169843
0.185245
0.200357
0.215181
0.229719
0.243969
0.257930
0.271602
0.284989
0.298087
0.310896
0.323417
0.335652
0.347599
0.359257
0.370627
0.381711
0.392506
0.403013
0.413232
0.423164
0.432808
0.442164
0.451232
0.460013
0.468506
0.476710
0.484627
0.492256
0.499598
0.506651
0.513416
0.519895
0.526085
0.531987
0.537601
0.542928
0.547968
0.552719
0.557182
0.561358
0.565246
0.568846
0.572158
0.575183
0.577919
0.580368
0.582529
0.584403
0.585989
0.587287
0.588297
0.589019
0.589454
0.589601
0.000000
0.018892
0.037488
0.055787
0.073786
0.091488
0.108894
0.126003
0.142812
0.159323
0.175539
0.191458
0.207077
0.222398
0.237423
0.252151
0.266580
0.280711
0.294547
0.308084
0.321323
0.334264
0.346909
0.359257
0.371306
0.383057
0.394512
0.405670
0.416529
0.427091
0.437356
0.447324
0.456993
0.466365
0.475440
0.484218
0.492698
0.500880
0.508766
0.516354
0.523643
0.530635
0.537331
0.543729
0.549828
0.555631
0.561137
0.566345
0.571256
0.575868
0.580184
0.584203
0.587923
0.591346
0.594473
0.597301
0.599832
0.602066
0.604002
0.605642
0.606983
0.608027
0.608774
0.609223
0.609375
0.000000
0.019490
0.038675
0.057553
0.076122
0.094383
0.112341
0.129991
0.147331
0.164366
0.181095
0.197517
0.213630
0.229436
0.244937
0.260131
0.275017
0.289595
0.303868
0.317835
0.331492
0.344843
0.357888
0.370627
0.383057
0.395180
0.406998
0.418509
0.429711
0.440607
0.451197
0.461481
0.471456
0.481125
0.490487
0.499543
0.508291
0.516732
0.524867
0.532696
0.540215
0.547429
0.554336
0.560937
0.567229
0.573216
0.578896
0.584269
0.589335
0.594093
0.598546
0.602691
0.606530
0.610062
0.613286
0.616205
0.618816
0.621120
0.623118
0.624810
0.626193
0.627270
0.628041
0.628504
0.628661
0.000000
0.020072
0.039831
0.059274
0.078398
0.097206
0.115700
0.133878
0.151737
0.169281
0.186510
0.203423
0.220018
0.236297
0.252262
0.267910
0.283241
0.298255
0.312955
0.327340
0.341405
0.355155
0.368591
0.381710
0.394512
0.406997
0.419169
0.431024
0.442562
0.453784
0.464691
0.475282
0.485555
0.495513
0.505155
0.514482
0.523491
0.532184
0.540563
0.548625
0.556370
0.563799
0.570913
0.577711
0.584192
0.590357
0.596207
0.601741
0.606959
0.611859
0.616445
0.620715
0.624668
0.628305
0.631626
0.634632
0.637321
0.639694
0.641752
0.643494
0.644919
0.646029
0.646822
0.647300
0.647461
0.000000
0.020640
0.040958
0.060950
0.080615
0.099955
0.118972
0.137664
0.156029
0.174068
0.191785
0.209177
0.226241
0.242980
0.259396
0.275488
0.291252
0.306690
0.321806
0.336597
0.351061
0.365200
0.379015
0.392506
0.405670
0.418508
0.431024
0.443215
0.455079
0.466618
0.477833
0.488724
0.499288
0.509527
0.519442
0.529032
0.538297
0.547236
0.555851
0.564141
0.572106
0.579745
0.587060
0.594050
0.600715
0.607054
0.613069
0.618760
0.624124
0.629164
0.633879
0.638270
0.642334
0.646074
0.649490
0.652580
0.655346
0.657786
0.659902
0.661693
0.663159
0.664299
0.665115
0.665606
0.665773
0.000000
0.021193
0.042054
0.062582
0.082773
0.102630
0.122157
0.141349
0.160205
0.178728
0.196919
0.214776
0.232297
0.249484
0.266340
0.282862
0.299048
0.314900
0.330420
0.345607
0.360458
0.374975
0.389161
0.403012
0.416529
0.429711
0.442562
0.455079
0.467260
0.479108
0.490624
0.501806
0.512653
0.523166
0.533346
0.543193
0.552706
0.561884
0.570730
0.579242
0.587419
0.595263
0.602774
0.609951
0.616794
0.623303
0.629479
0.635322
0.640830
0.646005
0.650846
0.655354
0.659528
0.663368
0.666875
0.670048
0.672888
0.675393
0.677566
0.679404
0.680909
0.682081
0.682918
0.683423
0.683594
0.000000
0.021730
0.043120
0.064169
0.084872
0.105233
0.125254
0.144933
0.164267
0.183259
0.201911
0.220221
0.238187
0.255810
0.273093
0.290034
0.306630
0.322884
0.338798
0.354370
0.369598
0.384483
0.399028
0.413231
0.427090
0.440607
0.453783
0.466618
0.479108
0.491257
0.503064
0.514530
0.525651
0.536431
0.546870
0.556966
0.566720
0.576131
0.585201
0.593929
0.602313
0.610356
0.618057
0.625417
0.632433
0.639107
0.645440
0.651431
0.657079
0.662384
0.667349
0.671971
0.676251
0.680188
0.683783
0.687038
0.689949
0.692518
0.694745
0.696631
0.698174
0.699375
0.700234
0.700751
0.700927
0.000000
0.022252
0.044157
0.065711
0.086912
0.107762
0.128264
0.148416
0.168215
0.187664
0.206764
0.225514
0.243911
0.261958
0.279657
0.297005
0.314000
0.330645
0.346941
0.362888
0.378481
0.393724
0.408619
0.423163
0.437355
0.451197
0.464690
0.477833
0.490624
0.503064
0.515155
0.526896
0.538285
0.549324
0.560014
0.570353
0.580341
0.589978
0.599266
0.608204
0.616790
0.625026
0.632912
0.640448
0.647633
0.654467
0.660953
0.667088
0.672871
0.678305
0.683388
0.688122
0.692504
0.696536
0.700218
0.703551
0.706532
0.709163
0.711443
0.713374
0.714954
0.716184
0.717064
0.717594
0.717773
0.000000
0.022759
0.045163
0.067208
0.088892
0.110218
0.131188
0.151799
0.172049
0.191941
0.211476
0.230654
0.249470
0.267928
0.286030
0.303774
0.321156
0.338180
0.354848
0.371158
0.387107
0.402697
0.417932
0.432807
0.447323
0.461480
0.475281
0.488723
0.501805
0.514529
0.526896
0.538905
0.550553
0.561843
0.572777
0.583352
0.593567
0.603424
0.612924
0.622065
0.630847
0.639271
0.647337
0.655044
0.662393
0.669383
0.676016
0.682291
0.688206
0.693763
0.698962
0.703804
0.708286
0.712410
0.716177
0.719584
0.722634
0.725324
0.727657
0.729632
0.731248
0.732506
0.733406
0.733948
0.734132
0.000000
0.023251
0.046139
0.068661
0.090814
0.112600
0.134023
0.155080
0.175768
0.196089
0.216047
0.235639
0.254862
0.273719
0.292213
0.310339
0.328098
0.345490
0.362518
0.379180
0.395474
0.411402
0.426965
0.442162
0.456991
0.471455
0.485554
0.499286
0.512651
0.525650
0.538284
0.550553
0.562454
0.573988
0.585157
0.595961
0.606397
0.616467
0.626172
0.635511
0.644483
0.653088
0.661329
0.669203
0.676711
0.683852
0.690628
0.697038
0.703081
0.708758
0.714070
0.719016
0.723595
0.727809
0.731657
0.735138
0.738253
0.741002
0.743385
0.745403
0.747054
0.748339
0.749259
0.749813
0.750000
0.000000
0.023728
0.047085
0.070069
0.092676
0.114909
0.136771
0.158260
0.179372
0.200111
0.220478
0.240472
0.260089
0.279332
0.298205
0.316703
0.334826
0.352574
0.369952
0.386956
0.403584
0.419838
0.435721
0.451229
0.466363
0.481123
0.495511
0.509525
0.523164
0.536429
0.549323
0.561843
0.573987
0.585758
0.597157
0.608182
0.618832
0.629109
0.639013
0.648544
0.657700
0.666482
0.674891
0.682927
0.690588
0.697876
0.704791
0.711332
0.717499
0.723292
0.728713
0.733761
0.738434
0.742734
0.746660
0.750213
0.753392
0.756197
0.758630
0.760688
0.762373
0.763685
0.764624
0.765189
0.765380
0.000000
0.024190
0.048002
0.071433
0.094479
0.117145
0.139433
0.161340
0.182863
0.204005
0.224768
0.245151
0.265150
0.284768
0.304007
0.322866
0.341341
0.359435
0.377151
0.394486
0.411437
0.428008
0.444199
0.460010
0.475438
0.490485
0.505153
0.519440
0.533345
0.546868
0.560012
0.572776
0.585157
0.597157
0.608778
0.620018
0.630875
0.641352
0.651449
0.661165
0.670499
0.679452
0.688025
0.696217
0.704028
0.711457
0.718506
0.725175
0.731462
0.737367
0.742893
0.748039
0.752803
0.757186
0.761189
0.764811
0.768052
0.770912
0.773392
0.775491
0.777209
0.778546
0.779503
0.780078
0.780273
0.000000
0.024636
0.048888
0.072751
0.096224
0.119308
0.142007
0.164318
0.186239
0.207771
0.228918
0.249677
0.270045
0.290025
0.309620
0.328827
0.347643
0.366071
0.384114
0.401769
0.419033
0.435910
0.452401
0.468503
0.484216
0.499541
0.514479
0.529030
0.543191
0.556964
0.570351
0.583351
0.595960
0.608182
0.620017
0.631465
0.642523
0.653193
0.663476
0.673372
0.682878
0.691996
0.700728
0.709071
0.717026
0.724592
0.731772
0.738563
0.744966
0.750981
0.756609
0.761849
0.766701
0.771165
0.775242
0.778931
0.782232
0.785144
0.787670
0.789808
0.791557
0.792919
0.793894
0.794480
0.794679
0.000000
0.025068
0.049744
0.074025
0.097908
0.121397
0.144494
0.167196
0.189500
0.211409
0.232926
0.254049
0.274774
0.295104
0.315042
0.334585
0.353731
0.372482
0.390840
0.408804
0.426371
0.443543
0.460323
0.476707
0.492695
0.508288
0.523489
0.538294
0.552703
0.566717
0.580339
0.593566
0.606396
0.618832
0.630874
0.642522
0.653774
0.664631
0.675095
0.685164
0.694836
0.704114
0.712999
0.721488
0.729582
0.737281
0.744586
0.751496
0.758011
0.764131
0.769858
0.775190
0.780126
0.784669
0.788817
0.792571
0.795929
0.798893
0.801463
0.803638
0.805418
0.806804
0.807795
0.808392
0.808594
0.000000
0.025484
0.050570
0.075254
0.099534
0.123413
0.146893
0.169972
0.192646
0.214920
0.236795
0.258268
0.279337
0.300005
0.320273
0.340141
0.359605
0.378667
0.397331
0.415593
0.433452
0.450909
0.467967
0.484624
0.500877
0.516729
0.532182
0.547233
0.561881
0.576128
0.589976
0.603422
0.616466
0.629109
0.641351
0.653192
0.664631
0.675668
0.686306
0.696541
0.706374
0.715806
0.724838
0.733469
0.741697
0.749524
0.756951
0.763975
0.770599
0.776821
0.782642
0.788062
0.793081
0.797698
0.801916
0.805732
0.809146
0.812159
0.814771
0.816982
0.818792
0.820201
0.821209
0.821815
0.822021
0.000000
0.025885
0.051366
0.076439
0.101101
0.125356
0.149206
0.172648
0.195679
0.218303
0.240522
0.262334
0.283735
0.304727
0.325315
0.345496
0.365266
0.384629
0.403586
0.422136
0.440276
0.458008
0.475334
0.492253
0.508763
0.524864
0.540560
0.555848
0.570727
0.585198
0.599264
0.612923
0.626171
0.639013
0.651448
0.663475
0.675094
0.686305
0.697109
0.707506
0.717494
0.727075
0.736249
0.745015
0.753373
0.761323
0.768867
0.776003
0.782730
0.789050
0.794963
0.800468
0.805566
0.810256
0.814539
0.818416
0.821884
0.824945
0.827598
0.829844
0.831682
0.833113
0.834137
0.834752
0.834961
0.000000
0.026271
0.052132
0.077579
0.102609
0.127225
0.151431
0.175223
0.198598
0.221559
0.244110
0.266246
0.287966
0.309272
0.330167
0.350649
0.370714
0.390365
0.409606
0.428432
0.446842
0.464839
0.482424
0.499595
0.516350
0.532692
0.548622
0.564138
0.579239
0.593926
0.608201
0.622063
0.635510
0.648543
0.661164
0.673370
0.685162
0.696540
0.707506
0.718058
0.728194
0.737918
0.747229
0.756126
0.764608
0.772677
0.780334
0.787576
0.794403
0.800818
0.806819
0.812407
0.817580
0.822340
0.826688
0.830621
0.834141
0.837247
0.839941
0.842220
0.844085
0.845537
0.846577
0.847202
0.847413
0.000000
0.026642
0.052868
0.078674
0.104058
0.129021
0.153569
0.177696
0.201401
0.224687
0.247556
0.270005
0.292031
0.313638
0.334828
0.355599
0.375947
0.395876
0.415388
0.434480
0.453150
0.471401
0.489234
0.506648
0.523640
0.540212
0.556367
0.572102
0.587416
0.602311
0.616788
0.630845
0.644481
0.657698
0.670497
0.682877
0.694834
0.706373
0.717493
0.728194
0.738474
0.748335
0.757777
0.766800
0.775402
0.783585
0.791349
0.798694
0.805618
0.812123
0.818208
0.823875
0.829121
0.833948
0.838357
0.842347
0.845916
0.849066
0.851797
0.854109
0.856000
0.857473
0.858527
0.859161
0.859375
0.000000
0.026998
0.053574
0.079725
0.105447
0.130744
0.155619
0.180069
0.204091
0.227687
0.250861
0.273610
0.295931
0.317826
0.339299
0.360347
0.380968
0.401163
0.420935
0.440282
0.459202
0.477696
0.495767
0.513413
0.530632
0.547426
0.563796
0.579742
0.595260
0.610353
0.625023
0.639269
0.653087
0.666480
0.679450
0.691995
0.704112
0.715804
0.727073
0.737917
0.748335
0.758327
0.767895
0.777038
0.785755
0.794047
0.801915
0.809358
0.816375
0.822966
0.829133
0.834875
0.840192
0.845084
0.849551
0.853594
0.857211
0.860402
0.863170
0.865512
0.867429
0.868922
0.869989
0.870631
0.870849
0.000000
0.027339
0.054250
0.080731
0.106778
0.132394
0.157583
0.182341
0.206666
0.230560
0.254026
0.277062
0.299665
0.321836
0.343581
0.364894
0.385775
0.406225
0.426246
0.445838
0.464996
0.483724
0.502023
0.519892
0.537328
0.554333
0.570910
0.587057
0.602771
0.618055
0.632910
0.647335
0.661327
0.674889
0.688023
0.700726
0.712996
0.724836
0.736247
0.747227
0.757776
0.767895
0.777584
0.786842
0.795669
0.804065
0.812032
0.819569
0.826675
0.833349
0.839594
0.845409
0.850792
0.855746
0.860270
0.864363
0.868026
0.871258
0.874061
0.876432
0.878373
0.879884
0.880966
0.881616
0.881836
0.000000
0.027664
0.054896
0.081692
0.108049
0.133970
0.159459
0.184512
0.209127
0.233305
0.257051
0.280361
0.303233
0.325668
0.347672
0.369239
0.390368
0.411061
0.431322
0.451146
0.470533
0.489483
0.508001
0.526082
0.543726
0.560934
0.577708
0.594048
0.609949
0.625414
0.640446
0.655042
0.669201
0.682925
0.696214
0.709069
0.721485
0.733466
0.745013
0.756124
0.766799
0.777037
0.786841
0.796210
0.805141
0.813638
0.821700
0.829327
0.836517
0.843271
0.849590
0.855474
0.860922
0.865934
0.870512
0.874654
0.878361
0.881631
0.884467
0.886867
0.888831
0.890360
0.891454
0.892112
0.892335
0.000000
0.027974
0.055512
0.082608
0.109261
0.135473
0.161248
0.186582
0.211472
0.235922
0.259935
0.283506
0.306634
0.329322
0.351572
0.373381
0.394747
0.415673
0.436160
0.456207
0.475812
0.494975
0.513700
0.531984
0.549826
0.567227
0.584190
0.600712
0.616791
0.632431
0.647631
0.662391
0.676709
0.690586
0.704025
0.717023
0.729579
0.741694
0.753370
0.764606
0.775400
0.785753
0.795667
0.805141
0.814173
0.822764
0.830917
0.838629
0.845900
0.852730
0.859121
0.865070
0.870579
0.875648
0.880277
0.884465
0.888213
0.891521
0.894388
0.896815
0.898801
0.900347
0.901453
0.902119
0.902344
0.000000
0.028270
0.056098
0.083480
0.110414
0.136903
0.162950
0.188551
0.213704
0.238412
0.262678
0.286498
0.309870
0.332797
0.355282
0.377322
0.398913
0.420060
0.440763
0.461022
0.480833
0.500198
0.519121
0.537598
0.555629
0.573213
0.590355
0.607051
0.623301
0.639105
0.654466
0.669381
0.683850
0.697874
0.711454
0.724589
0.737278
0.749521
0.761320
0.772674
0.783582
0.794044
0.804063
0.813637
0.822764
0.831446
0.839684
0.847478
0.854825
0.861728
0.868186
0.874198
0.879765
0.884887
0.889565
0.893798
0.897585
0.900928
0.903825
0.906278
0.908285
0.909847
0.910965
0.911637
0.911865
0.000000
0.028550
0.056654
0.084307
0.111508
0.138259
0.164564
0.190419
0.215822
0.240774
0.265281
0.289337
0.312941
0.336095
0.358803
0.381061
0.402866
0.424222
0.445131
0.465590
0.485598
0.505155
0.524265
0.542925
0.561134
0.578893
0.596205
0.613067
0.629477
0.645437
0.660951
0.676014
0.690626
0.704789
0.718504
0.731769
0.744583
0.756947
0.768863
0.780330
0.791345
0.801911
0.812029
0.821698
0.830915
0.839683
0.848003
0.855874
0.863294
0.870265
0.876787
0.882859
0.888482
0.893654
0.898378
0.902653
0.906478
0.909854
0.912780
0.915256
0.917284
0.918861
0.919990
0.920669
0.920899
0.000000
0.028815
0.057179
0.085090
0.112543
0.139543
0.166092
0.192187
0.217825
0.243009
0.267743
0.292023
0.315846
0.339215
0.362133
0.384598
0.406606
0.428160
0.449262
0.469912
0.490105
0.509843
0.529131
0.547965
0.566342
0.584266
0.601739
0.618757
0.635320
0.651428
0.667086
0.682289
0.697036
0.711330
0.725173
0.738560
0.751494
0.763972
0.775999
0.787571
0.798689
0.809353
0.819565
0.829323
0.838626
0.847476
0.855872
0.863816
0.871305
0.878341
0.884924
0.891052
0.896727
0.901947
0.906715
0.911030
0.914890
0.918297
0.921250
0.923750
0.925796
0.927388
0.928527
0.929212
0.929444
0.000000
0.029065
0.057675
0.085828
0.113519
0.140752
0.167532
0.193853
0.219713
0.245116
0.270064
0.294554
0.318584
0.342156
0.365273
0.387932
0.410131
0.431872
0.453158
0.473986
0.494354
0.514264
0.533719
0.552715
0.571252
0.589332
0.606956
0.624122
0.640828
0.657076
0.672870
0.688204
0.703080
0.717497
0.731459
0.744963
0.758008
0.770595
0.782726
0.794399
0.805613
0.816369
0.826669
0.836512
0.845896
0.854821
0.863292
0.871304
0.878858
0.885955
0.892594
0.898776
0.904500
0.909766
0.914575
0.918927
0.922821
0.926257
0.929236
0.931757
0.933821
0.935427
0.936576
0.937267
0.937500
0.000000
0.029299
0.058141
0.086521
0.114435
0.141889
0.168884
0.195418
0.221487
0.247095
0.272245
0.296933
0.321156
0.344919
0.368222
0.391065
0.413443
0.435359
0.456817
0.477813
0.498346
0.518417
0.538028
0.557179
0.575865
0.594090
0.611857
0.629161
0.646002
0.662382
0.678303
0.693761
0.708757
0.723291
0.737365
0.750978
0.764128
0.776816
0.789045
0.800812
0.812117
0.822960
0.833343
0.843265
0.852725
0.861723
0.870262
0.878339
0.885954
0.893107
0.899800
0.906032
0.911802
0.917110
0.921959
0.926346
0.930271
0.933735
0.936738
0.939279
0.941360
0.942979
0.944137
0.944833
0.945068
0.000000
0.029519
0.058576
0.087169
0.115293
0.142952
0.170150
0.196883
0.223147
0.248947
0.274285
0.299158
0.323563
0.347504
0.370982
0.393995
0.416541
0.438622
0.460240
0.481394
0.502080
0.522302
0.542061
0.561355
0.580181
0.598543
0.616442
0.633877
0.650844
0.667346
0.683386
0.698961
0.714069
0.728712
0.742891
0.756606
0.769854
0.782637
0.794958
0.806813
0.818203
0.829127
0.839588
0.849584
0.859115
0.868180
0.876782
0.884920
0.892592
0.899799
0.906542
0.912821
0.918634
0.923982
0.928867
0.933287
0.937241
0.940731
0.943757
0.946318
0.948413
0.950044
0.951210
0.951912
0.952148
0.000000
0.029723
0.058982
0.087773
0.116092
0.143942
0.171328
0.198246
0.224693
0.250671
0.276184
0.301230
0.325804
0.349910
0.373551
0.396724
0.419426
0.441660
0.463428
0.484729
0.505558
0.525919
0.545815
0.565243
0.584200
0.602689
0.620712
0.638267
0.655352
0.671968
0.688119
0.703801
0.719014
0.733759
0.748036
0.761846
0.775185
0.788057
0.800463
0.812400
0.823868
0.834868
0.845402
0.855468
0.865064
0.874192
0.882854
0.891048
0.898773
0.906030
0.912820
0.919142
0.924995
0.930380
0.935299
0.939749
0.943731
0.947245
0.950292
0.952870
0.954980
0.956622
0.957796
0.958502
0.958741
0.000000
0.029913
0.059358
0.088332
0.116831
0.144859
0.172419
0.199509
0.226124
0.252267
0.277943
0.303148
0.327879
0.352139
0.375930
0.399251
0.422097
0.444473
0.466380
0.487815
0.508778
0.529269
0.549291
0.568843
0.587921
0.606527
0.624665
0.642332
0.659526
0.676248
0.692502
0.708284
0.723593
0.738431
0.752800
0.766697
0.780122
0.793075
0.805560
0.817573
0.829114
0.840185
0.850785
0.860915
0.870572
0.879759
0.888476
0.896722
0.904496
0.911798
0.918632
0.924994
0.930885
0.936304
0.941253
0.945732
0.949740
0.953276
0.956342
0.958936
0.961060
0.962712
0.963894
0.964604
0.964844
0.000000
0.030087
0.059703
0.088846
0.117511
0.145702
0.173423
0.200670
0.227440
0.253736
0.279562
0.304913
0.329788
0.354189
0.378119
0.401575
0.424555
0.447060
0.469095
0.490656
0.511740
0.532351
0.552490
0.572155
0.591344
0.610059
0.628303
0.646072
0.663366
0.680185
0.696534
0.712408
0.727806
0.742730
0.757183
0.771161
0.784663
0.797692
0.810250
0.822333
0.833941
0.845075
0.855738
0.865927
0.875640
0.884880
0.893648
0.901942
0.909761
0.917107
0.923980
0.930379
0.936304
0.941755
0.946732
0.951237
0.955268
0.958825
0.961908
0.964518
0.966653
0.968315
0.969503
0.970217
0.970459
0.000000
0.030246
0.060019
0.089316
0.118132
0.146473
0.174340
0.201731
0.228643
0.255078
0.281040
0.306525
0.331532
0.356062
0.380118
0.403698
0.426799
0.449424
0.471575
0.493250
0.514445
0.535165
0.555411
0.575180
0.594470
0.613284
0.631624
0.649488
0.666873
0.683782
0.700216
0.716174
0.731654
0.746656
0.761185
0.775237
0.788811
0.801909
0.814533
0.826680
0.838349
0.849542
0.860261
0.870504
0.880269
0.889557
0.898371
0.906709
0.914569
0.921954
0.928864
0.935297
0.941253
0.946732
0.951737
0.956264
0.960316
0.963891
0.966991
0.969615
0.971761
0.973431
0.974626
0.975344
0.975586
0.000000
0.030390
0.060305
0.089741
0.118694
0.147170
0.175170
0.202691
0.229731
0.256291
0.282377
0.307984
0.333109
0.357756
0.381927
0.405620
0.428830
0.451563
0.473819
0.495597
0.516894
0.537712
0.558053
0.577917
0.597299
0.616203
0.634630
0.652579
0.670046
0.687035
0.703548
0.719582
0.735135
0.750209
0.764807
0.778926
0.792564
0.805725
0.818408
0.830613
0.842338
0.853584
0.864354
0.874645
0.884457
0.893790
0.902646
0.911023
0.918921
0.926340
0.933283
0.939747
0.945731
0.951236
0.956264
0.960813
0.964884
0.968476
0.971590
0.974226
0.976383
0.978061
0.979261
0.979982
0.980225
0.000000
0.030518
0.060560
0.090121
0.119197
0.147793
0.175912
0.203550
0.230704
0.257377
0.283573
0.309289
0.334521
0.359272
0.383546
0.407339
0.430648
0.453476
0.475827
0.497697
0.519084
0.539990
0.560418
0.580366
0.599830
0.618814
0.637319
0.655344
0.672885
0.689947
0.706530
0.722631
0.738250
0.753388
0.768048
0.782226
0.795923
0.809139
0.821876
0.834133
0.845907
0.857201
0.868017
0.878352
0.888205
0.897577
0.906470
0.914883
0.922814
0.930265
0.937237
0.943728
0.949737
0.955266
0.960315
0.964883
0.968971
0.972578
0.975705
0.978352
0.980517
0.982202
0.983407
0.984131
0.984375
0.000000
0.030632
0.060786
0.090457
0.119641
0.148344
0.176567
0.204308
0.231563
0.258336
0.284629
0.310441
0.335766
0.360610
0.384974
0.408856
0.432251
0.455165
0.477599
0.499550
0.521017
0.542001
0.562505
0.582527
0.602064
0.621118
0.639693
0.657785
0.675391
0.692516
0.709161
0.725322
0.741000
0.756194
0.770908
0.785139
0.798887
0.812152
0.824937
0.837239
0.849058
0.860394
0.871249
0.881623
0.891512
0.900919
0.909845
0.918289
0.926250
0.933729
0.940726
0.947242
0.953273
0.958822
0.963889
0.968475
0.972577
0.976198
0.979336
0.981992
0.984166
0.985857
0.987066
0.987792
0.988037
0.000000
0.030731
0.060981
0.090748
0.120026
0.148821
0.177135
0.204965
0.232308
0.259167
0.285545
0.311439
0.336847
0.361770
0.386212
0.410170
0.433642
0.456629
0.479135
0.501157
0.522693
0.543744
0.564315
0.584401
0.604001
0.623116
0.641750
0.659901
0.677564
0.694744
0.711442
0.727656
0.743383
0.758626
0.773387
0.787665
0.801457
0.814765
0.827591
0.839933
0.851789
0.863162
0.874052
0.884459
0.894380
0.903817
0.912772
0.921243
0.929229
0.936732
0.943752
0.950288
0.956339
0.961905
0.966989
0.971588
0.975704
0.979336
0.982484
0.985148
0.987328
0.989025
0.990237
0.990966
0.991211
0.000000
0.030814
0.061147
0.090994
0.120352
0.149225
0.177616
0.205521
0.232938
0.259870
0.286320
0.312285
0.337761
0.362752
0.387260
0.411284
0.434819
0.457868
0.480435
0.502517
0.524111
0.545220
0.565846
0.585987
0.605640
0.624807
0.643492
0.661691
0.679403
0.696630
0.713373
0.729631
0.745401
0.760685
0.775487
0.789803
0.803632
0.816976
0.829837
0.842213
0.854101
0.865505
0.876425
0.886860
0.896808
0.906270
0.915249
0.923743
0.931751
0.939274
0.946313
0.952867
0.958933
0.964515
0.969612
0.974224
0.978350
0.981991
0.985148
0.987819
0.990005
0.991705
0.992921
0.993651
0.993897
0.000000
0.030882
0.061282
0.091195
0.120618
0.149555
0.178009
0.205977
0.233454
0.260446
0.286954
0.312976
0.338509
0.363555
0.388118
0.412195
0.435782
0.458882
0.481500
0.503630
0.525272
0.546428
0.567099
0.587285
0.606981
0.626191
0.644917
0.663157
0.680908
0.698173
0.714954
0.731248
0.747052
0.762371
0.777205
0.791553
0.805413
0.818787
0.831676
0.844079
0.855994
0.867423
0.878367
0.888825
0.898795
0.908278
0.917278
0.925790
0.933816
0.941355
0.948409
0.954977
0.961057
0.966650
0.971758
0.976380
0.980515
0.984164
0.987328
0.990005
0.992195
0.993899
0.995117
0.995848
0.996094
0.000000
0.030935
0.061387
0.091352
0.120826
0.149812
0.178315
0.206331
0.233856
0.260894
0.287448
0.313515
0.339091
0.364181
0.388786
0.412904
0.436532
0.459672
0.482328
0.504497
0.526176
0.547368
0.568075
0.588295
0.608026
0.627269
0.646028
0.664299
0.682080
0.699375
0.716184
0.732506
0.748338
0.763683
0.778543
0.792915
0.806799
0.820196
0.833108
0.845532
0.857468
0.868916
0.879880
0.890355
0.900342
0.909842
0.918857
0.927384
0.935422
0.942974
0.950040
0.956619
0.962710
0.968312
0.973429
0.978058
0.982200
0.985856
0.989024
0.991705
0.993898
0.995605
0.996825
0.997557
0.997802
0.000000
0.030973
0.061463
0.091464
0.120974
0.149996
0.178534
0.206585
0.234143
0.261214
0.287801
0.313900
0.339508
0.364628
0.389264
0.413411
0.437068
0.460237
0.482921
0.505117
0.526823
0.548041
0.568773
0.589018
0.608773
0.628040
0.646821
0.665115
0.682919
0.700235
0.717064
0.733407
0.749258
0.764622
0.779500
0.793891
0.807792
0.821205
0.834133
0.846572
0.858523
0.869985
0.880962
0.891450
0.901450
0.910961
0.919986
0.928523
0.936572
0.944133
0.951207
0.957794
0.963892
0.969501
0.974624
0.979258
0.983406
0.987065
0.990237
0.992921
0.995116
0.996824
0.998045
0.998778
0.999023
0.000000
0.030996
0.061508
0.091532
0.121064
0.150107
0.178666
0.206737
0.234316
0.261407
0.288014
0.314132
0.339759
0.364898
0.389551
0.413717
0.437391
0.460577
0.483277
0.505490
0.527212
0.548445
0.569193
0.589453
0.609222
0.628504
0.647299
0.665607
0.683423
0.700752
0.717594
0.733949
0.749812
0.765188
0.780077
0.794478
0.808390
0.821813
0.834750
0.847199
0.859158
0.870630
0.881614
0.892110
0.902117
0.911635
0.920667
0.929210
0.937264
0.944831
0.951910
0.958501
0.964603
0.970217
0.975343
0.979981
0.984130
0.987792
0.990965
0.993651
0.995848
0.997557
0.998778
0.999511
0.999756
0.000000
0.031004
0.061523
0.091555
0.121094
0.150145
0.178711
0.206789
0.234375
0.261473
0.288086
0.314211
0.339844
0.364989
0.389648
0.413820
0.437500
0.460692
0.483398
0.505617
0.527344
0.548583
0.569336
0.589601
0.609375
0.628661
0.647461
0.665773
0.683594
0.700927
0.717773
0.734132
0.750000
0.765380
0.780273
0.794679
0.808594
0.822021
0.834961
0.847413
0.859375
0.870849
0.881836
0.892335
0.902344
0.911865
0.920898
0.929444
0.937500
0.945068
0.952148
0.958741
0.964844
0.970459
0.975586
0.980225
0.984375
0.988037
0.991211
0.993897
0.996094
0.997803
0.999023
0.999756
1.000000
