0.000000
0.000000
0.000000
0.000000
0.000000
0.000000
0.000000
0.000000
0.000000
0.000000
0.000000
0.000000
0.000000
0.000000
0.000000
0.000000
0.000000
0.000000
0.000000
0.000000
0.000000
0.000000
0.000000
0.000000
0.000000
0.000000
0.000000
0.000000
0.000000
0.000000
0.000000
0.000000
0.000000
0.000000
0.000000
0.000000
0.000000
0.000000
0.000000
0.000000
0.000000
0.000000
0.000000
0.000000
0.000000
0.000000
0.000000
0.000000
0.000000
0.000000
0.000000
0.000000
0.000000
0.000000
0.000000
0.000000
0.000000
0.000000
0.000000
0.000000
0.000000
0.000000
0.000000
0.000000
0.000000
0.000000
0.000602
0.001204
0.001805
0.002405
0.003004
0.003600
0.004195
0.004787
0.005376
0.005962
0.006544
0.007123
0.007697
0.008266
0.008831
0.009390
0.009943
0.010491
0.011032
0.011567
0.012094
0.012615
0.013127
0.013632
0.014129
0.014617
0.015096
0.015566
0.016027
0.016478
0.016920
0.017351
0.017771
0.018181
0.018580
0.018968
0.019344
0.019709
0.020062
0.020402
0.020731
0.021047
0.021350
0.021641
0.021918
0.022182
0.022433
0.022670
0.022894
0.023104
0.023300
0.023482
0.023650
0.023803
0.023943
0.024067
0.024178
0.024273
0.024355
0.024421
0.024473
0.024510
0.024532
0.024540
0.000000
0.001204
0.002407
0.003609
0.004809
0.006006
0.007199
0.008388
0.009572
0.010750
0.011921
0.013086
0.014242
0.015390
0.016529
0.017657
0.018775
0.019882
0.020977
0.022059
0.023128
0.024183
0.025223
0.026248
0.027258
0.028251
0.029227
0.030185
0.031125
0.032047
0.032949
0.033831
0.034693
0.035534
0.036353
0.037151
0.037927
0.038679
0.039408
0.040114
0.040795
0.041452
0.042084
0.042690
0.043271
0.043825
0.044354
0.044855
0.045330
0.045777
0.046197
0.046589
0.046953
0.047288
0.047595
0.047874
0.048123
0.048344
0.048535
0.048698
0.048831
0.048934
0.049008
0.049053
0.049068
0.000000
0.001805
0.003609
0.005411
0.007210
0.009004
0.010793
0.012576
0.014351
0.016117
0.017873
0.019619
0.021353
0.023074
0.024781
0.026473
0.028150
0.029809
0.031450
0.033073
0.034675
0.036257
0.037817
0.039354
0.040867
0.042356
0.043819
0.045256
0.046665
0.048047
0.049399
0.050722
0.052014
0.053275
0.054504
0.055700
0.056862
0.057991
0.059084
0.060142
0.061163
0.062148
0.063095
0.064004
0.064875
0.065707
0.066499
0.067251
0.067962
0.068633
0.069262
0.069850
0.070395
0.070898
0.071359
0.071776
0.072150
0.072481
0.072768
0.073011
0.073211
0.073366
0.073477
0.073544
0.073566
0.000000
0.002405
0.004809
0.007210
0.009606
0.011997
0.014381
0.016756
0.019120
0.021473
0.023814
0.026140
0.028450
0.030743
0.033017
0.035272
0.037506
0.039716
0.041903
0.044065
0.046200
0.048307
0.050386
0.052434
0.054450
0.056433
0.058383
0.060297
0.062175
0.064016
0.065818
0.067580
0.069302
0.070982
0.072619
0.074213
0.075762
0.077265
0.078722
0.080131
0.081492
0.082804
0.084066
0.085277
0.086437
0.087545
0.088601
0.089603
0.090551
0.091444
0.092283
0.093065
0.093792
0.094463
0.095076
0.095632
0.096131
0.096571
0.096954
0.097278
0.097544
0.097750
0.097898
0.097987
0.098017
0.000000
0.003004
0.006006
0.009004
0.011997
0.014982
0.017959
0.020925
0.023878
0.026817
0.029740
0.032645
0.035530
0.038393
0.041234
0.044050
0.046839
0.049600
0.052331
0.055031
0.057697
0.060329
0.062924
0.065482
0.068000
0.070477
0.072912
0.075303
0.077648
0.079946
0.082197
0.084398
0.086548
0.088646
0.090691
0.092681
0.094615
0.096492
0.098312
0.100072
0.101771
0.103410
0.104986
0.106499
0.107948
0.109331
0.110649
0.111901
0.113085
0.114200
0.115247
0.116225
0.117133
0.117970
0.118736
0.119431
0.120053
0.120604
0.121081
0.121486
0.121818
0.122076
0.122261
0.122372
0.122409
0.000000
0.003600
0.007199
0.010793
0.014381
0.017959
0.021528
0.025083
0.028623
0.032145
0.035649
0.039131
0.042589
0.046022
0.049427
0.052802
0.056145
0.059455
0.062729
0.065965
0.069161
0.072315
0.075427
0.078492
0.081511
0.084480
0.087398
0.090264
0.093076
0.095831
0.098529
0.101167
0.103744
0.106259
0.108710
0.111096
0.113414
0.115664
0.117845
0.119955
0.121992
0.123956
0.125845
0.127659
0.129396
0.131054
0.132634
0.134134
0.135553
0.136891
0.138146
0.139318
0.140406
0.141409
0.142327
0.143160
0.143906
0.144566
0.145139
0.145624
0.146021
0.146331
0.146552
0.146686
0.146730
0.000000
0.004195
0.008388
0.012576
0.016756
0.020925
0.025083
0.029225
0.033350
0.037454
0.041536
0.045594
0.049623
0.053622
0.057590
0.061523
0.065418
0.069274
0.073089
0.076859
0.080583
0.084258
0.087884
0.091456
0.094972
0.098432
0.101832
0.105172
0.108447
0.111657
0.114801
0.117875
0.120878
0.123808
0.126664
0.129443
0.132145
0.134767
0.137307
0.139766
0.142139
0.144428
0.146629
0.148742
0.150766
0.152698
0.154539
0.156287
0.157940
0.159498
0.160961
0.162326
0.163594
0.164763
0.165833
0.166803
0.167673
0.168442
0.169109
0.169674
0.170137
0.170498
0.170756
0.170911
0.170963
0.000000
0.004787
0.009572
0.014351
0.019120
0.023878
0.028623
0.033350
0.038056
0.042740
0.047398
0.052028
0.056626
0.061189
0.065717
0.070205
0.074650
0.079050
0.083403
0.087706
0.091955
0.096149
0.100286
0.104362
0.108375
0.112323
0.116203
0.120014
0.123752
0.127415
0.131002
0.134510
0.137936
0.141280
0.144539
0.147711
0.150793
0.153785
0.156685
0.159490
0.162198
0.164810
0.167322
0.169733
0.172042
0.174247
0.176348
0.178342
0.180229
0.182007
0.183676
0.185234
0.186681
0.188015
0.189236
0.190343
0.191335
0.192212
0.192974
0.193619
0.194148
0.194559
0.194854
0.195031
0.195090
0.000000
0.005376
0.010750
0.016117
0.021473
0.026817
0.032145
0.037454
0.042740
0.048000
0.053231
0.058431
0.063594
0.068720
0.073805
0.078845
0.083837
0.088778
0.093667
0.098499
0.103272
0.107982
0.112628
0.117206
0.121712
0.126146
0.130504
0.134783
0.138981
0.143095
0.147124
0.151064
0.154912
0.158667
0.162327
0.165889
0.169351
0.172711
0.175967
0.179118
0.182160
0.185092
0.187913
0.190622
0.193215
0.195691
0.198050
0.200290
0.202409
0.204406
0.206281
0.208031
0.209655
0.211153
0.212525
0.213768
0.214883
0.215867
0.216723
0.217447
0.218041
0.218503
0.218834
0.219033
0.219100
0.000000
0.005962
0.011921
0.017873
0.023814
0.029740
0.035649
0.041536
0.047398
0.053231
0.059033
0.064799
0.070526
0.076210
0.081849
0.087438
0.092975
0.098455
0.103876
0.109235
0.114528
0.119751
0.124903
0.129980
0.134978
0.139895
0.144728
0.149474
0.154129
0.158692
0.163159
0.167528
0.171796
0.175961
0.180019
0.183970
0.187809
0.191535
0.195146
0.198640
0.202014
0.205266
0.208395
0.211398
0.214274
0.217020
0.219636
0.222120
0.224470
0.226685
0.228764
0.230704
0.232506
0.234168
0.235688
0.237067
0.238303
0.239396
0.240344
0.241147
0.241806
0.242318
0.242685
0.242906
0.242980
0.000000
0.006544
0.013086
0.019619
0.026140
0.032645
0.039131
0.045593
0.052028
0.058431
0.064799
0.071129
0.077415
0.083654
0.089844
0.095979
0.102056
0.108072
0.114023
0.119905
0.125715
0.131448
0.137104
0.142677
0.148163
0.153560
0.158865
0.164074
0.169184
0.174193
0.179096
0.183892
0.188577
0.193148
0.197604
0.201940
0.206154
0.210244
0.214208
0.218043
0.221746
0.225316
0.228751
0.232047
0.235204
0.238219
0.241091
0.243817
0.246396
0.248828
0.251109
0.253239
0.255217
0.257041
0.258710
0.260224
0.261580
0.262779
0.263820
0.264702
0.265425
0.265988
0.266390
0.266633
0.266714
0.000000
0.007123
0.014242
0.021353
0.028450
0.035530
0.042589
0.049623
0.056626
0.063594
0.070526
0.077415
0.084256
0.091047
0.097783
0.104461
0.111075
0.117622
0.124099
0.130502
0.136825
0.143065
0.149220
0.155285
0.161256
0.167130
0.172904
0.178574
0.184136
0.189587
0.194924
0.200144
0.205242
0.210217
0.215066
0.219786
0.224373
0.228824
0.233139
0.237313
0.241343
0.245228
0.248966
0.252554
0.255990
0.259271
0.262396
0.265364
0.268171
0.270817
0.273300
0.275619
0.277771
0.279756
0.281573
0.283220
0.284697
0.286002
0.287135
0.288095
0.288882
0.289494
0.289932
0.290196
0.290285
0.000000
0.007697
0.015390
0.023074
0.030743
0.038393
0.046021
0.053622
0.061189
0.068720
0.076210
0.083654
0.091047
0.098385
0.105664
0.112880
0.120027
0.127102
0.134101
0.141019
0.147852
0.154595
0.161247
0.167801
0.174253
0.180600
0.186840
0.192966
0.198976
0.204866
0.210634
0.216274
0.221784
0.227160
0.232400
0.237500
0.242456
0.247266
0.251929
0.256439
0.260794
0.264992
0.269032
0.272909
0.276621
0.280167
0.283544
0.286751
0.289785
0.292644
0.295327
0.297832
0.300158
0.302303
0.304267
0.306047
0.307642
0.309052
0.310277
0.311314
0.312164
0.312826
0.313299
0.313584
0.313680
0.000000
0.008266
0.016529
0.024781
0.033017
0.041234
0.049427
0.057590
0.065717
0.073804
0.081849
0.089844
0.097783
0.105664
0.113483
0.121232
0.128908
0.136506
0.144023
0.151454
0.158792
0.166034
0.173177
0.180217
0.187146
0.193963
0.200664
0.207244
0.213699
0.220025
0.226219
0.232277
0.238194
0.243968
0.249595
0.255073
0.260396
0.265562
0.270569
0.275413
0.280091
0.284600
0.288938
0.293102
0.297089
0.300897
0.304524
0.307968
0.311226
0.314297
0.317179
0.319869
0.322367
0.324671
0.326780
0.328691
0.330405
0.331919
0.333234
0.334348
0.335261
0.335972
0.336481
0.336787
0.336890
0.000000
0.008831
0.017657
0.026473
0.035272
0.044050
0.052802
0.061522
0.070205
0.078845
0.087438
0.095979
0.104461
0.112880
0.121232
0.129511
0.137712
0.145829
0.153859
0.161797
0.169636
0.177373
0.185004
0.192524
0.199927
0.207209
0.214368
0.221397
0.228293
0.235051
0.241668
0.248139
0.254461
0.260629
0.266641
0.272492
0.278179
0.283698
0.289047
0.294221
0.299219
0.304035
0.308670
0.313118
0.317377
0.321445
0.325321
0.329000
0.332480
0.335761
0.338839
0.341714
0.344382
0.346843
0.349096
0.351138
0.352969
0.354587
0.355991
0.357181
0.358157
0.358916
0.359459
0.359786
0.359897
0.000000
0.009390
0.018775
0.028150
0.037505
0.046839
0.056145
0.065418
0.074650
0.083837
0.092974
0.102056
0.111075
0.120027
0.128908
0.137712
0.146431
0.155062
0.163601
0.172041
0.180376
0.188603
0.196718
0.204714
0.212585
0.220329
0.227941
0.235415
0.242747
0.249933
0.256969
0.263851
0.270572
0.277131
0.283523
0.289745
0.295792
0.301660
0.307348
0.312850
0.318164
0.323286
0.328213
0.332943
0.337472
0.341798
0.345918
0.349830
0.353531
0.357019
0.360293
0.363350
0.366187
0.368804
0.371199
0.373371
0.375317
0.377037
0.378531
0.379797
0.380833
0.381641
0.382219
0.382566
0.382683
0.000000
0.009943
0.019882
0.029809
0.039716
0.049600
0.059455
0.069274
0.079050
0.088778
0.098455
0.108072
0.117622
0.127102
0.136507
0.145829
0.155062
0.164202
0.173244
0.182181
0.191008
0.199720
0.208313
0.216780
0.225116
0.233316
0.241376
0.249291
0.257056
0.264665
0.272116
0.279403
0.286520
0.293466
0.300235
0.306824
0.313227
0.319441
0.325464
0.331291
0.336918
0.342341
0.347559
0.352568
0.357364
0.361945
0.366308
0.370450
0.374369
0.378063
0.381530
0.384766
0.387771
0.390542
0.393079
0.395378
0.397439
0.399261
0.400843
0.402183
0.403281
0.404136
0.404748
0.405116
0.405240
0.000000
0.010491
0.020977
0.031450
0.041903
0.052331
0.062729
0.073088
0.083403
0.093667
0.103876
0.114023
0.124099
0.134101
0.144024
0.153859
0.163601
0.173244
0.182784
0.192214
0.201527
0.210718
0.219784
0.228718
0.237512
0.246164
0.254668
0.263019
0.271211
0.279239
0.287100
0.294789
0.302298
0.309626
0.316768
0.323720
0.330475
0.337032
0.343386
0.349534
0.355471
0.361193
0.366698
0.371983
0.377043
0.381876
0.386479
0.390850
0.394985
0.398882
0.402539
0.405954
0.409124
0.412048
0.414724
0.417150
0.419325
0.421247
0.422916
0.424330
0.425488
0.426390
0.427036
0.427424
0.427555
0.000000
0.011032
0.022059
0.033073
0.044065
0.055031
0.065965
0.076859
0.087706
0.098499
0.109235
0.119905
0.130502
0.141020
0.151454
0.161797
0.172041
0.182182
0.192214
0.202130
0.211923
0.221589
0.231123
0.240517
0.249765
0.258863
0.267806
0.276588
0.285203
0.293645
0.301912
0.309997
0.317894
0.325600
0.333110
0.340420
0.347525
0.354419
0.361102
0.367567
0.373809
0.379827
0.385616
0.391174
0.396495
0.401577
0.406418
0.411014
0.415362
0.419460
0.423306
0.426897
0.430231
0.433306
0.436119
0.438671
0.440958
0.442979
0.444734
0.446221
0.447439
0.448388
0.449067
0.449475
0.449613
0.000000
0.011567
0.023128
0.034675
0.046200
0.057697
0.069161
0.080583
0.091955
0.103272
0.114528
0.125715
0.136825
0.147852
0.158792
0.169636
0.180377
0.191008
0.201527
0.211924
0.222191
0.232325
0.242321
0.252170
0.261867
0.271406
0.280782
0.289990
0.299021
0.307873
0.316540
0.325017
0.333296
0.341375
0.349250
0.356914
0.364363
0.371591
0.378597
0.385375
0.391921
0.398230
0.404300
0.410126
0.415705
0.421033
0.426109
0.430928
0.435487
0.439783
0.443816
0.447581
0.451076
0.454299
0.457250
0.459925
0.462322
0.464441
0.466281
0.467840
0.469118
0.470112
0.470824
0.471253
0.471397
0.000000
0.012094
0.024183
0.036257
0.048307
0.060329
0.072315
0.084258
0.096149
0.107982
0.119751
0.131449
0.143065
0.154596
0.166034
0.177373
0.188603
0.199720
0.210718
0.221589
0.232326
0.242922
0.253373
0.263672
0.273810
0.283784
0.293588
0.303216
0.312659
0.321914
0.330977
0.339840
0.348498
0.356945
0.365179
0.373193
0.380981
0.388539
0.395865
0.402952
0.409796
0.416392
0.422739
0.428832
0.434665
0.440236
0.445543
0.450582
0.455349
0.459841
0.464058
0.467994
0.471649
0.475020
0.478104
0.480901
0.483408
0.485624
0.487548
0.489178
0.490514
0.491554
0.492298
0.492746
0.492897
0.000000
0.012615
0.025223
0.037817
0.050386
0.062924
0.075427
0.087883
0.100286
0.112628
0.124904
0.137104
0.149220
0.161247
0.173178
0.185004
0.196718
0.208313
0.219784
0.231123
0.242321
0.253373
0.264274
0.275016
0.285591
0.295993
0.306220
0.316261
0.326111
0.335764
0.345217
0.354461
0.363491
0.372302
0.380890
0.389249
0.397372
0.405256
0.412896
0.420288
0.427426
0.434307
0.440927
0.447281
0.453365
0.459176
0.464712
0.469967
0.474939
0.479625
0.484023
0.488129
0.491941
0.495456
0.498674
0.501591
0.504206
0.506517
0.508524
0.510224
0.511617
0.512702
0.513478
0.513945
0.514103
0.000000
0.013127
0.026248
0.039354
0.052433
0.065482
0.078492
0.091456
0.104362
0.117206
0.129980
0.142677
0.155286
0.167801
0.180217
0.192524
0.204714
0.216780
0.228718
0.240517
0.252170
0.263672
0.275016
0.286194
0.297199
0.308024
0.318666
0.329116
0.339366
0.349412
0.359248
0.368869
0.378266
0.387435
0.396372
0.405070
0.413524
0.421728
0.429679
0.437372
0.444799
0.451960
0.458849
0.465461
0.471792
0.477840
0.483600
0.489070
0.494244
0.499120
0.503696
0.507969
0.511936
0.515594
0.518943
0.521979
0.524700
0.527105
0.529193
0.530963
0.532412
0.533541
0.534349
0.534835
0.534999
0.000000
0.013632
0.027258
0.040867
0.054450
0.068000
0.081510
0.094972
0.108375
0.121712
0.134978
0.148163
0.161257
0.174253
0.187146
0.199927
0.212585
0.225116
0.237512
0.249765
0.261867
0.273810
0.285591
0.297199
0.308627
0.319868
0.330919
0.341771
0.352415
0.362847
0.373062
0.383052
0.392811
0.402332
0.411613
0.420646
0.429424
0.437944
0.446201
0.454189
0.461903
0.469338
0.476492
0.483358
0.489933
0.496213
0.502195
0.507875
0.513248
0.518312
0.523064
0.527501
0.531621
0.535420
0.538897
0.542049
0.544875
0.547372
0.549541
0.551379
0.552884
0.554056
0.554895
0.555400
0.555570
0.000000
0.014129
0.028250
0.042355
0.056433
0.070477
0.084479
0.098432
0.112322
0.126146
0.139895
0.153560
0.167131
0.180601
0.193963
0.207209
0.220329
0.233316
0.246164
0.258863
0.271405
0.283784
0.295993
0.308024
0.319868
0.331520
0.342973
0.354220
0.365252
0.376064
0.386651
0.397005
0.407119
0.416987
0.426606
0.435968
0.445066
0.453896
0.462454
0.470733
0.478727
0.486434
0.493848
0.500965
0.507779
0.514288
0.520488
0.526374
0.531943
0.537191
0.542116
0.546715
0.550985
0.554922
0.558526
0.561793
0.564722
0.567311
0.569558
0.571463
0.573023
0.574238
0.575107
0.575630
0.575807
0.000000
0.014617
0.029226
0.043819
0.058383
0.072911
0.087398
0.101832
0.116203
0.130504
0.144728
0.158865
0.172904
0.186840
0.200664
0.214368
0.227941
0.241376
0.254668
0.267806
0.280782
0.293588
0.306219
0.318666
0.330919
0.342973
0.354822
0.366457
0.377870
0.389056
0.400009
0.410721
0.421184
0.431393
0.441344
0.451030
0.460442
0.469577
0.478430
0.486996
0.495266
0.503239
0.510909
0.518272
0.525321
0.532055
0.538469
0.544559
0.550320
0.555749
0.560845
0.565603
0.570020
0.574093
0.577821
0.581201
0.584231
0.586909
0.589235
0.591205
0.592819
0.594076
0.594975
0.595517
0.595699
0.000000
0.015096
0.030185
0.045255
0.060297
0.075302
0.090264
0.105171
0.120013
0.134783
0.149474
0.164074
0.178574
0.192966
0.207244
0.221397
0.235415
0.249291
0.263019
0.276588
0.289989
0.303215
0.316260
0.329115
0.341770
0.354219
0.366457
0.378474
0.390262
0.401814
0.413126
0.424189
0.434995
0.445539
0.455817
0.465819
0.475540
0.484975
0.494119
0.502965
0.511506
0.519740
0.527662
0.535266
0.542547
0.549502
0.556126
0.562415
0.568365
0.573973
0.579235
0.584149
0.588711
0.592918
0.596768
0.600259
0.603388
0.606154
0.608556
0.610591
0.612258
0.613556
0.614485
0.615044
0.615233
0.000000
0.015566
0.031125
0.046665
0.062175
0.077647
0.093075
0.108447
0.123751
0.138981
0.154129
0.169184
0.184136
0.198976
0.213699
0.228292
0.242747
0.257055
0.271210
0.285202
0.299020
0.312658
0.326110
0.339365
0.352414
0.365251
0.377870
0.390261
0.402416
0.414328
0.425992
0.437400
0.448543
0.459415
0.470013
0.480327
0.490350
0.500079
0.509507
0.518629
0.527437
0.535927
0.544096
0.551937
0.559444
0.566615
0.573446
0.579931
0.586066
0.591848
0.597275
0.602342
0.607045
0.611383
0.615353
0.618953
0.622180
0.625032
0.627508
0.629606
0.631325
0.632664
0.633622
0.634199
0.634393
0.000000
0.016027
0.032046
0.048046
0.064015
0.079946
0.095830
0.111657
0.127414
0.143095
0.158691
0.174192
0.189586
0.204866
0.220024
0.235050
0.249933
0.264664
0.279238
0.293645
0.307872
0.321914
0.335764
0.349411
0.362847
0.376064
0.389056
0.401814
0.414328
0.426593
0.438603
0.450348
0.461820
0.473015
0.483926
0.494545
0.504865
0.514882
0.524589
0.533981
0.543049
0.551791
0.560201
0.568274
0.576004
0.583387
0.590420
0.597097
0.603414
0.609367
0.614955
0.620171
0.625014
0.629480
0.633568
0.637275
0.640597
0.643533
0.646082
0.648243
0.650013
0.651391
0.652377
0.652971
0.653172
0.000000
0.016478
0.032948
0.049399
0.065817
0.082196
0.098528
0.114800
0.131001
0.147123
0.163159
0.179096
0.194923
0.210633
0.226218
0.241667
0.256969
0.272115
0.287099
0.301911
0.316539
0.330976
0.345216
0.359248
0.373061
0.386650
0.400008
0.413125
0.425992
0.438602
0.450950
0.463026
0.474821
0.486330
0.497549
0.508467
0.519078
0.529376
0.539357
0.549013
0.558337
0.567324
0.575971
0.584272
0.592219
0.599810
0.607041
0.613906
0.620400
0.626521
0.632266
0.637630
0.642609
0.647201
0.651403
0.655214
0.658630
0.661649
0.664270
0.666491
0.668311
0.669728
0.670742
0.671353
0.671559
0.000000
0.016919
0.033831
0.050722
0.067580
0.084397
0.101166
0.117874
0.134509
0.151063
0.167528
0.183892
0.200143
0.216274
0.232276
0.248139
0.263850
0.279402
0.294787
0.309995
0.325015
0.339839
0.354460
0.368868
0.383051
0.397004
0.410720
0.424188
0.437399
0.450347
0.463025
0.475424
0.487535
0.499353
0.510872
0.522083
0.532978
0.543552
0.553800
0.563714
0.573288
0.582516
0.591395
0.599917
0.608078
0.615872
0.623296
0.630345
0.637013
0.643298
0.649196
0.654704
0.659816
0.664531
0.668847
0.672759
0.676266
0.679366
0.682057
0.684338
0.686206
0.687662
0.688703
0.689330
0.689542
0.000000
0.017350
0.034692
0.052014
0.069301
0.086547
0.103743
0.120877
0.137936
0.154911
0.171795
0.188576
0.205242
0.221783
0.238193
0.254460
0.270571
0.286519
0.302297
0.317892
0.333295
0.348496
0.363490
0.378264
0.392809
0.407117
0.421182
0.434994
0.448541
0.461819
0.474820
0.487535
0.499955
0.512074
0.523886
0.535382
0.546555
0.557398
0.567908
0.578075
0.587892
0.597355
0.606461
0.615200
0.623568
0.631561
0.639174
0.646402
0.653240
0.659685
0.665733
0.671381
0.676624
0.681459
0.685885
0.689897
0.693493
0.696672
0.699432
0.701771
0.703687
0.705179
0.706247
0.706890
0.707107
0.000000
0.017771
0.035533
0.053275
0.070981
0.088645
0.106258
0.123807
0.141279
0.158666
0.175960
0.193147
0.210216
0.227159
0.243967
0.260627
0.277129
0.293464
0.309624
0.325598
0.341374
0.356943
0.372300
0.387433
0.402330
0.416986
0.431392
0.445538
0.459414
0.473013
0.486329
0.499353
0.512074
0.524486
0.536585
0.548360
0.559803
0.570910
0.581674
0.592087
0.602142
0.611835
0.621161
0.630112
0.638683
0.646869
0.654667
0.662071
0.669074
0.675675
0.681870
0.687654
0.693024
0.697977
0.702509
0.706619
0.710302
0.713558
0.716385
0.718781
0.720743
0.722271
0.723365
0.724024
0.724246
0.000000
0.018181
0.036353
0.054503
0.072619
0.090690
0.108709
0.126663
0.144538
0.162326
0.180019
0.197603
0.215065
0.232399
0.249594
0.266639
0.283522
0.300233
0.316766
0.333108
0.349248
0.365177
0.380888
0.396370
0.411611
0.426604
0.441342
0.455815
0.470011
0.483924
0.497547
0.510871
0.523885
0.536584
0.548962
0.561009
0.572716
0.584079
0.595091
0.605745
0.616032
0.625948
0.635489
0.644647
0.653416
0.661791
0.669768
0.677342
0.684507
0.691260
0.697598
0.703516
0.709009
0.714076
0.718713
0.722917
0.726686
0.730017
0.732909
0.735360
0.737367
0.738931
0.740050
0.740724
0.740951
0.000000
0.018580
0.037151
0.055699
0.074212
0.092680
0.111095
0.129442
0.147710
0.165888
0.183969
0.201939
0.219785
0.237498
0.255071
0.272490
0.289743
0.306822
0.323717
0.340418
0.356912
0.373190
0.389246
0.405068
0.420644
0.435966
0.451027
0.465817
0.480325
0.494543
0.508466
0.522082
0.535382
0.548359
0.561009
0.573320
0.585284
0.596896
0.608150
0.619037
0.629551
0.639685
0.649435
0.658794
0.667755
0.676314
0.684466
0.692206
0.699528
0.706429
0.712906
0.718953
0.724567
0.729745
0.734484
0.738781
0.742632
0.746036
0.748991
0.751496
0.753547
0.755145
0.756289
0.756977
0.757210
0.000000
0.018968
0.037926
0.056862
0.075761
0.094614
0.113413
0.132144
0.150792
0.169350
0.187808
0.206153
0.224371
0.242455
0.260394
0.278177
0.295790
0.313224
0.330473
0.347522
0.364360
0.380978
0.397369
0.413521
0.429421
0.445064
0.460439
0.475538
0.490348
0.504863
0.519076
0.532977
0.546555
0.559803
0.572716
0.585284
0.597498
0.609352
0.620841
0.631956
0.642688
0.653034
0.662987
0.672541
0.681689
0.690427
0.698749
0.706651
0.714126
0.721171
0.727782
0.733956
0.739687
0.744972
0.749811
0.754197
0.758129
0.761604
0.764621
0.767177
0.769272
0.770903
0.772071
0.772773
0.773010
0.000000
0.019344
0.038678
0.057990
0.077264
0.096491
0.115663
0.134765
0.153784
0.172710
0.191534
0.210243
0.228823
0.247265
0.265560
0.283696
0.301658
0.319439
0.337029
0.354417
0.371589
0.388537
0.405253
0.421725
0.437941
0.453893
0.469574
0.484972
0.500076
0.514880
0.529374
0.543550
0.557398
0.570909
0.584078
0.596895
0.609352
0.621441
0.633158
0.644493
0.655438
0.665989
0.676140
0.685884
0.695213
0.704124
0.712612
0.720670
0.728293
0.735478
0.742221
0.748516
0.754361
0.759752
0.764686
0.769159
0.773169
0.776713
0.779790
0.782397
0.784532
0.786196
0.787387
0.788104
0.788345
0.000000
0.019709
0.039408
0.059083
0.078721
0.098311
0.117844
0.137306
0.156683
0.175966
0.195145
0.214207
0.233137
0.251927
0.270567
0.289045
0.307345
0.325462
0.343384
0.361099
0.378595
0.395862
0.412894
0.429676
0.446198
0.462451
0.478428
0.494116
0.509505
0.524587
0.539355
0.553799
0.567906
0.581672
0.595090
0.608149
0.620840
0.633157
0.645094
0.656643
0.667795
0.678544
0.688887
0.698815
0.708320
0.717399
0.726047
0.734257
0.742024
0.749344
0.756214
0.762629
0.768583
0.774075
0.779102
0.783660
0.787745
0.791356
0.794491
0.797147
0.799323
0.801018
0.802231
0.802961
0.803208
0.000000
0.020061
0.040113
0.060141
0.080130
0.100071
0.119954
0.139764
0.159488
0.179116
0.198639
0.218042
0.237311
0.256437
0.275411
0.294219
0.312848
0.331288
0.349531
0.367564
0.385373
0.402949
0.420286
0.437369
0.454186
0.470730
0.486992
0.502962
0.518626
0.533978
0.549011
0.563713
0.578073
0.592086
0.605743
0.619036
0.631954
0.644492
0.656643
0.668398
0.679749
0.690691
0.701219
0.711324
0.721000
0.730241
0.739044
0.747401
0.755307
0.762759
0.769752
0.776281
0.782342
0.787932
0.793050
0.797689
0.801847
0.805523
0.808714
0.811418
0.813632
0.815357
0.816592
0.817335
0.817586
0.000000
0.020402
0.040794
0.061162
0.081491
0.101770
0.121991
0.142138
0.162197
0.182158
0.202012
0.221745
0.241341
0.260792
0.280088
0.299216
0.318161
0.336915
0.355468
0.373807
0.391918
0.409793
0.427423
0.444797
0.461900
0.478725
0.495263
0.511504
0.527434
0.543047
0.558334
0.573286
0.587890
0.602141
0.616031
0.629549
0.642686
0.655437
0.667794
0.679749
0.691293
0.702421
0.713128
0.723404
0.733244
0.742642
0.751595
0.760094
0.768134
0.775712
0.782824
0.789464
0.795628
0.801314
0.806517
0.811235
0.815464
0.819202
0.822447
0.825197
0.827449
0.829204
0.830460
0.831215
0.831470
0.000000
0.020731
0.041451
0.062147
0.082803
0.103408
0.123954
0.144426
0.164808
0.185090
0.205264
0.225314
0.245226
0.264990
0.284597
0.304033
0.323283
0.342338
0.361190
0.379824
0.398227
0.416390
0.434304
0.451957
0.469335
0.486431
0.503236
0.519738
0.535924
0.551788
0.567322
0.582514
0.597354
0.611834
0.625947
0.639683
0.653032
0.665987
0.678543
0.690691
0.702421
0.713728
0.724606
0.735048
0.745046
0.754596
0.763692
0.772329
0.780499
0.788199
0.795425
0.802172
0.808435
0.814212
0.819499
0.824293
0.828590
0.832388
0.835685
0.838479
0.840768
0.842550
0.843827
0.844594
0.844853
0.000000
0.021047
0.042083
0.063094
0.084065
0.104985
0.125844
0.146627
0.167320
0.187912
0.208393
0.228749
0.248964
0.269029
0.288935
0.308667
0.328211
0.347557
0.366695
0.385613
0.404297
0.422737
0.440924
0.458846
0.476489
0.493846
0.510907
0.527660
0.544093
0.560199
0.575970
0.591393
0.606458
0.621159
0.635487
0.649432
0.662985
0.676138
0.688885
0.701218
0.713127
0.724606
0.735650
0.746251
0.756402
0.766097
0.775332
0.784100
0.792394
0.800211
0.807548
0.814397
0.820756
0.826621
0.831989
0.836856
0.841218
0.845074
0.848422
0.851258
0.853582
0.855392
0.856687
0.857466
0.857729
0.000000
0.021350
0.042689
0.064003
0.085276
0.106498
0.127657
0.148740
0.169731
0.190620
0.211396
0.232045
0.252552
0.272906
0.293099
0.313115
0.332941
0.352565
0.371980
0.391171
0.410124
0.428829
0.447279
0.465459
0.483356
0.500963
0.518269
0.535264
0.551935
0.568272
0.584270
0.599916
0.615198
0.630110
0.644645
0.658791
0.672539
0.685881
0.698812
0.711323
0.723403
0.735047
0.746251
0.757005
0.767301
0.777136
0.786503
0.795398
0.803812
0.811742
0.819184
0.826133
0.832583
0.838532
0.843978
0.848915
0.853340
0.857251
0.860647
0.863524
0.865881
0.867717
0.869031
0.869821
0.870088
0.000000
0.021640
0.043270
0.064874
0.086436
0.107946
0.129394
0.150764
0.172040
0.193213
0.214272
0.235202
0.255987
0.276619
0.297086
0.317375
0.337469
0.357361
0.377040
0.396492
0.415702
0.434662
0.453363
0.471790
0.489931
0.507777
0.525320
0.542546
0.559442
0.576002
0.592218
0.608076
0.623566
0.638681
0.653413
0.667752
0.681686
0.695210
0.708317
0.720997
0.733242
0.745044
0.756400
0.767300
0.777737
0.787705
0.797200
0.806216
0.814745
0.822783
0.830326
0.837369
0.843907
0.849937
0.855456
0.860461
0.864946
0.868911
0.872352
0.875269
0.877658
0.879519
0.880851
0.881651
0.881921
0.000000
0.021918
0.043825
0.065706
0.087544
0.109330
0.131052
0.152696
0.174245
0.195689
0.217018
0.238216
0.259268
0.280164
0.300894
0.321443
0.341795
0.361942
0.381873
0.401574
0.421031
0.440234
0.459174
0.477838
0.496211
0.514286
0.532053
0.549500
0.566613
0.583385
0.599809
0.615870
0.631559
0.646867
0.661788
0.676310
0.690424
0.704121
0.717396
0.730238
0.742639
0.754593
0.766094
0.777134
0.787704
0.797800
0.807417
0.816548
0.825186
0.833327
0.840968
0.848101
0.854723
0.860830
0.866420
0.871488
0.876031
0.880046
0.883532
0.886486
0.888906
0.890791
0.892139
0.892950
0.893224
0.000000
0.022182
0.044353
0.066498
0.088599
0.110648
0.132632
0.154537
0.176346
0.198048
0.219634
0.241088
0.262394
0.283542
0.304522
0.325318
0.345916
0.366305
0.386477
0.406415
0.426107
0.445541
0.464709
0.483598
0.502193
0.520486
0.538467
0.556124
0.573444
0.590418
0.607039
0.623294
0.639172
0.654665
0.669766
0.684463
0.698747
0.712609
0.726043
0.739040
0.751591
0.763689
0.775328
0.786501
0.797199
0.807416
0.817149
0.826390
0.835133
0.843372
0.851104
0.858323
0.865025
0.871206
0.876863
0.881993
0.886590
0.890654
0.894181
0.897171
0.899620
0.901527
0.902892
0.903712
0.903989
0.000000
0.022433
0.044855
0.067250
0.089601
0.111899
0.134132
0.156285
0.178340
0.200288
0.222118
0.243815
0.265361
0.286748
0.307966
0.328997
0.349828
0.370448
0.390847
0.411011
0.430925
0.450579
0.469965
0.489067
0.507872
0.526372
0.544557
0.562413
0.579929
0.597095
0.613904
0.630343
0.646401
0.662069
0.677340
0.692203
0.706648
0.720667
0.734253
0.747397
0.760089
0.772324
0.784095
0.795394
0.806213
0.816546
0.826389
0.835734
0.844575
0.852908
0.860727
0.868029
0.874806
0.881057
0.886778
0.891966
0.896615
0.900725
0.904292
0.907315
0.909792
0.911720
0.913100
0.913930
0.914210
0.000000
0.022670
0.045329
0.067961
0.090549
0.113083
0.135551
0.157938
0.180227
0.202407
0.224468
0.246394
0.268169
0.289782
0.311224
0.332478
0.353529
0.374367
0.394982
0.415359
0.435484
0.455346
0.474937
0.494241
0.513245
0.531940
0.550318
0.568363
0.586064
0.603412
0.620399
0.637012
0.653239
0.669073
0.684506
0.699526
0.714123
0.728290
0.742020
0.755303
0.768129
0.780493
0.792389
0.803807
0.814740
0.825183
0.835130
0.844574
0.853509
0.861929
0.869831
0.877210
0.884059
0.890376
0.896158
0.901400
0.906099
0.910252
0.913857
0.916912
0.919414
0.921364
0.922758
0.923596
0.923880
0.000000
0.022894
0.045776
0.068632
0.091443
0.114199
0.136889
0.159496
0.182005
0.204404
0.226683
0.248825
0.270814
0.292641
0.314294
0.335758
0.357017
0.378060
0.398879
0.419457
0.439781
0.459839
0.479623
0.499117
0.518309
0.537189
0.555747
0.573971
0.591846
0.609365
0.626520
0.643297
0.659684
0.675674
0.691259
0.706427
0.721168
0.735474
0.749340
0.762754
0.775706
0.788193
0.800206
0.811737
0.822777
0.833323
0.843368
0.852906
0.861928
0.870431
0.878412
0.885863
0.892779
0.899159
0.904998
0.910292
0.915037
0.919231
0.922872
0.925956
0.928484
0.930452
0.931860
0.932707
0.932992
0.000000
0.023104
0.046196
0.069261
0.092281
0.115246
0.138144
0.160959
0.183674
0.206278
0.228761
0.251106
0.273297
0.295324
0.317176
0.338837
0.360290
0.381527
0.402536
0.423304
0.443813
0.464055
0.484020
0.503694
0.523062
0.542114
0.560843
0.579233
0.597273
0.614953
0.632264
0.649195
0.665732
0.681869
0.697596
0.712903
0.727779
0.742217
0.756209
0.769746
0.782818
0.795418
0.807541
0.819178
0.830320
0.840962
0.851099
0.860724
0.869829
0.878410
0.886464
0.893983
0.900964
0.907401
0.913293
0.918636
0.923425
0.927657
0.931331
0.934445
0.936995
0.938981
0.940402
0.941256
0.941544
0.000000
0.023300
0.046588
0.069849
0.093064
0.116223
0.139316
0.162324
0.185232
0.208028
0.230702
0.253237
0.275616
0.297830
0.319867
0.341711
0.363347
0.384764
0.405951
0.426895
0.447578
0.467992
0.488126
0.507967
0.527499
0.546713
0.565600
0.584147
0.602340
0.620169
0.637627
0.654702
0.671379
0.687652
0.703513
0.718950
0.733952
0.748512
0.762623
0.776275
0.789458
0.802165
0.814391
0.826126
0.837363
0.848095
0.858318
0.868024
0.877207
0.885861
0.893982
0.901565
0.908605
0.915097
0.921039
0.926427
0.931256
0.935525
0.939230
0.942370
0.944942
0.946944
0.948377
0.949238
0.949529
0.000000
0.023482
0.046952
0.070394
0.093791
0.117131
0.140404
0.163592
0.186678
0.209652
0.232503
0.255214
0.277768
0.300155
0.322364
0.344379
0.366184
0.387768
0.409121
0.430228
0.451073
0.471646
0.491938
0.511934
0.531618
0.550982
0.570017
0.588709
0.607043
0.625012
0.642606
0.659814
0.676621
0.693022
0.709006
0.724564
0.739683
0.754356
0.768577
0.782336
0.795621
0.808428
0.820749
0.832576
0.843900
0.854716
0.865019
0.874801
0.884055
0.892776
0.900961
0.908604
0.915698
0.922241
0.928230
0.933660
0.938526
0.942828
0.946562
0.949726
0.952318
0.954336
0.955780
0.956648
0.956940
0.000000
0.023649
0.047287
0.070897
0.094461
0.117968
0.141407
0.164761
0.188012
0.211151
0.234165
0.257038
0.279754
0.302301
0.324668
0.346840
0.368801
0.390539
0.412045
0.433303
0.454297
0.475017
0.495454
0.515592
0.535417
0.554920
0.574091
0.592916
0.611381
0.629478
0.647199
0.664529
0.681456
0.697974
0.714073
0.729741
0.744968
0.759746
0.774069
0.787926
0.801306
0.814204
0.826613
0.838525
0.849930
0.860823
0.871200
0.881051
0.890371
0.899155
0.907399
0.915096
0.922241
0.928830
0.934861
0.940330
0.945231
0.949564
0.953324
0.956511
0.959121
0.961153
0.962607
0.963481
0.963776
0.000000
0.023803
0.047595
0.071358
0.095075
0.118734
0.142325
0.165831
0.189233
0.212522
0.235686
0.258707
0.281570
0.304264
0.326777
0.349093
0.371196
0.393075
0.414721
0.436117
0.457247
0.478102
0.498671
0.518941
0.538895
0.558524
0.577819
0.596766
0.615352
0.633566
0.651402
0.668845
0.685882
0.702506
0.718709
0.734479
0.749805
0.764679
0.779095
0.793042
0.806509
0.819490
0.831981
0.843969
0.855449
0.866413
0.876856
0.886772
0.896152
0.904993
0.913291
0.921038
0.928230
0.934861
0.940931
0.946435
0.951368
0.955728
0.959513
0.962720
0.965347
0.967392
0.968856
0.969735
0.970031
0.000000
0.023942
0.047873
0.071775
0.095631
0.119429
0.143158
0.166801
0.190340
0.213765
0.237065
0.260221
0.283218
0.306044
0.328689
0.351135
0.373368
0.395375
0.417147
0.438668
0.459922
0.480899
0.501589
0.521976
0.542047
0.561791
0.581199
0.600258
0.618951
0.637273
0.655212
0.672757
0.689894
0.706616
0.722913
0.738776
0.754191
0.769153
0.783652
0.797681
0.811227
0.824284
0.836847
0.848906
0.860452
0.871480
0.881985
0.891959
0.901394
0.910287
0.918632
0.926425
0.933658
0.940329
0.946434
0.951970
0.956931
0.961317
0.965124
0.968349
0.970991
0.973049
0.974520
0.975405
0.975702
0.000000
0.024067
0.048123
0.072149
0.096129
0.120051
0.143904
0.167671
0.191333
0.214880
0.238301
0.261578
0.284694
0.307640
0.330402
0.352966
0.375314
0.397436
0.419322
0.440955
0.462320
0.483406
0.504203
0.524698
0.544873
0.564720
0.584229
0.603387
0.622178
0.640595
0.658628
0.676265
0.693491
0.710299
0.726682
0.742627
0.758122
0.773162
0.787738
0.801839
0.815456
0.828581
0.841210
0.853331
0.864938
0.876023
0.886583
0.896608
0.906092
0.915031
0.923421
0.931253
0.938524
0.945229
0.951367
0.956931
0.961918
0.966326
0.970153
0.973395
0.976050
0.978118
0.979597
0.980487
0.980785
0.000000
0.024177
0.048343
0.072480
0.096570
0.120602
0.144564
0.168439
0.192210
0.215865
0.239393
0.262777
0.286000
0.309050
0.331917
0.354584
0.377035
0.399259
0.421244
0.442976
0.464439
0.485622
0.506515
0.527103
0.547371
0.567309
0.586908
0.606153
0.625031
0.643532
0.661648
0.679365
0.696670
0.713555
0.730013
0.746031
0.761598
0.776707
0.791349
0.805515
0.819194
0.832379
0.845066
0.857243
0.868903
0.880039
0.890646
0.900718
0.910245
0.919225
0.927653
0.935521
0.942825
0.949561
0.955726
0.961316
0.966326
0.970754
0.974597
0.977854
0.980522
0.982599
0.984085
0.984977
0.985277
0.000000
0.024273
0.048535
0.072767
0.096953
0.121080
0.145137
0.169107
0.192972
0.216720
0.240342
0.263818
0.287133
0.310275
0.333232
0.355989
0.378529
0.400840
0.422913
0.444731
0.466279
0.487546
0.508522
0.529191
0.549539
0.569557
0.589233
0.608555
0.627507
0.646082
0.664269
0.682056
0.699430
0.716382
0.732905
0.748986
0.764615
0.779784
0.794484
0.808706
0.822439
0.835677
0.848414
0.860639
0.872345
0.883525
0.894175
0.904286
0.913851
0.922866
0.931327
0.939227
0.946560
0.953322
0.959511
0.965122
0.970152
0.974597
0.978456
0.981726
0.984403
0.986489
0.987980
0.988876
0.989177
0.000000
0.024354
0.048697
0.073011
0.097277
0.121485
0.145622
0.169672
0.193617
0.217445
0.241145
0.264700
0.288093
0.311312
0.334347
0.357180
0.379795
0.402181
0.424328
0.446218
0.467838
0.489176
0.510222
0.530961
0.551377
0.571461
0.591203
0.610590
0.629605
0.648242
0.666490
0.684337
0.701769
0.718778
0.735356
0.751491
0.767172
0.782391
0.797142
0.811411
0.825190
0.838472
0.851251
0.863517
0.875262
0.886479
0.897164
0.907309
0.916906
0.925951
0.934440
0.942367
0.949724
0.956508
0.962718
0.968348
0.973393
0.977853
0.981725
0.985006
0.987692
0.989783
0.991279
0.992178
0.992480
0.000000
0.024421
0.048830
0.073210
0.097543
0.121816
0.146020
0.170136
0.194146
0.218039
0.241804
0.265423
0.288880
0.312162
0.335260
0.358155
0.380832
0.403279
0.425486
0.447437
0.469116
0.490512
0.511615
0.532410
0.552882
0.573021
0.592817
0.612257
0.631325
0.650012
0.668311
0.686206
0.703685
0.720741
0.737364
0.753543
0.769267
0.784528
0.799318
0.813627
0.827443
0.840762
0.853576
0.865876
0.877652
0.888900
0.899614
0.909787
0.919410
0.928479
0.936991
0.944939
0.952316
0.959118
0.965344
0.970990
0.976049
0.980521
0.984403
0.987692
0.990386
0.992482
0.993982
0.994883
0.995185
0.000000
0.024473
0.048934
0.073365
0.097750
0.122075
0.146330
0.170497
0.194558
0.218502
0.242317
0.265986
0.289493
0.312825
0.335971
0.358915
0.381640
0.404134
0.426389
0.448386
0.470111
0.491552
0.512700
0.533540
0.554055
0.574236
0.594075
0.613555
0.632664
0.651391
0.669728
0.687662
0.705178
0.722269
0.738928
0.755142
0.770899
0.786192
0.801014
0.815353
0.829199
0.842546
0.855387
0.867713
0.879514
0.890786
0.901523
0.911716
0.921360
0.930448
0.938978
0.946942
0.954334
0.961151
0.967390
0.973047
0.978117
0.982598
0.986488
0.989783
0.992482
0.994583
0.996086
0.996988
0.997290
0.000000
0.024510
0.049008
0.073477
0.097898
0.122260
0.146552
0.170755
0.194853
0.218833
0.242684
0.266389
0.289931
0.313298
0.336480
0.359459
0.382218
0.404747
0.427035
0.449066
0.470823
0.492297
0.513477
0.534348
0.554894
0.575106
0.594975
0.614485
0.633622
0.652378
0.670743
0.688703
0.706246
0.723364
0.740048
0.756286
0.772068
0.787384
0.802228
0.816588
0.830456
0.843823
0.856683
0.869028
0.880847
0.892135
0.902889
0.913097
0.922755
0.931857
0.940399
0.948375
0.955778
0.962606
0.968854
0.974519
0.979596
0.984084
0.987979
0.991279
0.993982
0.996086
0.997590
0.998493
0.998796
0.000000
0.024532
0.049053
0.073543
0.097987
0.122371
0.146685
0.170911
0.195030
0.219032
0.242905
0.266632
0.290195
0.313584
0.336786
0.359786
0.382566
0.405115
0.427424
0.449474
0.471252
0.492745
0.513945
0.534834
0.555399
0.575630
0.595517
0.615044
0.634199
0.652971
0.671353
0.689330
0.706889
0.724023
0.740722
0.756976
0.772771
0.788102
0.802959
0.817333
0.831213
0.844592
0.857464
0.869820
0.881649
0.892948
0.903711
0.913929
0.923595
0.932705
0.941255
0.949238
0.956647
0.963481
0.969734
0.975404
0.980486
0.984977
0.988875
0.992178
0.994883
0.996988
0.998493
0.999397
0.999699
0.000000
0.024540
0.049068
0.073566
0.098017
0.122409
0.146730
0.170963
0.195090
0.219100
0.242980
0.266714
0.290285
0.313680
0.336890
0.359896
0.382683
0.405240
0.427555
0.449613
0.471397
0.492897
0.514103
0.534999
0.555570
0.575807
0.595699
0.615233
0.634393
0.653172
0.671559
0.689542
0.707107
0.724246
0.740951
0.757210
0.773010
0.788346
0.803207
0.817586
0.831470
0.844853
0.857729
0.870088
0.881921
0.893224
0.903989
0.914210
0.923880
0.932992
0.941544
0.949529
0.956940
0.963776
0.970031
0.975702
0.980785
0.985277
0.989176
0.992480
0.995185
0.997290
0.998795
0.999699
1.000000
