0.000000
0.000000
0.000000
0.000000
0.000000
0.000000
0.000000
0.000000
0.000000
0.000000
0.000000
0.000000
0.000000
0.000000
0.000000
0.000000
0.000000
0.000000
0.000000
0.000000
0.000000
0.000000
0.000000
0.000000
0.000000
0.000000
0.000000
0.000000
0.000000
0.000000
0.000000
0.000000
0.000000
0.000000
0.000000
0.000000
0.000000
0.000000
0.000000
0.000000
0.000000
0.000000
0.000000
0.000000
0.000000
0.000000
0.000000
0.000000
0.000000
0.000000
0.000000
0.000000
0.000000
0.000000
0.000000
0.000000
0.000000
0.000000
0.000000
0.000000
0.000000
0.000000
0.000000
0.000000
0.000000
0.000000
0.003787
0.007453
0.010998
0.014424
0.017729
0.020914
0.023979
0.026923
0.029747
0.032451
0.035035
0.037499
0.039842
0.042066
0.044169
0.046152
0.048014
0.049757
0.051379
0.052881
0.054263
0.055525
0.056667
0.057688
0.058589
0.059371
0.060031
0.060572
0.060993
0.061293
0.061474
0.061534
0.061474
0.061293
0.060993
0.060572
0.060032
0.059371
0.058590
0.057688
0.056667
0.055525
0.054263
0.052881
0.051379
0.049757
0.048014
0.046152
0.044169
0.042066
0.039842
0.037499
0.035035
0.032451
0.029747
0.026923
0.023979
0.020914
0.017729
0.014424
0.010998
0.007453
0.003787
0.000000
0.000000
0.007453
0.014668
0.021647
0.028389
0.034895
0.041163
0.047196
0.052991
0.058550
0.063872
0.068958
0.073807
0.078419
0.082795
0.086935
0.090838
0.094504
0.097934
0.101127
0.104083
0.106803
0.109287
0.111534
0.113545
0.115319
0.116856
0.118157
0.119221
0.120049
0.120640
0.120995
0.121114
0.120995
0.120641
0.120049
0.119221
0.118157
0.116856
0.115319
0.113545
0.111534
0.109287
0.106804
0.104084
0.101127
0.097934
0.094504
0.090838
0.086935
0.082795
0.078420
0.073807
0.068958
0.063872
0.058550
0.052991
0.047196
0.041164
0.034895
0.028389
0.021647
0.014668
0.007453
0.000000
0.000000
0.010998
0.021647
0.031947
0.041897
0.051497
0.060749
0.069651
0.078204
0.086408
0.094262
0.101768
0.108924
0.115731
0.122189
0.128298
0.134058
0.139469
0.144530
0.149243
0.153606
0.157621
0.161286
0.164602
0.167569
0.170187
0.172456
0.174376
0.175947
0.177169
0.178042
0.178565
0.178740
0.178565
0.178042
0.177169
0.175947
0.174376
0.172457
0.170188
0.167570
0.164603
0.161286
0.157621
0.153607
0.149243
0.144531
0.139469
0.134058
0.128299
0.122190
0.115732
0.108924
0.101768
0.094263
0.086408
0.078204
0.069651
0.060749
0.051497
0.041897
0.031947
0.021647
0.010998
0.000000
0.000000
0.014424
0.028389
0.041897
0.054946
0.067537
0.079670
0.091345
0.102562
0.113321
0.123622
0.133465
0.142851
0.151778
0.160248
0.168259
0.175813
0.182909
0.189548
0.195728
0.201450
0.206715
0.211522
0.215871
0.219762
0.223196
0.226172
0.228689
0.230750
0.232352
0.233496
0.234183
0.234412
0.234183
0.233497
0.232352
0.230750
0.228690
0.226172
0.223196
0.219763
0.215872
0.211522
0.206716
0.201451
0.195728
0.189548
0.182910
0.175814
0.168260
0.160248
0.151778
0.142851
0.133466
0.123622
0.113321
0.102562
0.091345
0.079670
0.067537
0.054946
0.041897
0.028389
0.014424
0.000000
0.000000
0.017729
0.034895
0.051497
0.067537
0.083013
0.097927
0.112277
0.126065
0.139290
0.151951
0.164050
0.175587
0.186560
0.196970
0.206818
0.216103
0.224825
0.232985
0.240581
0.247615
0.254086
0.259995
0.265341
0.270124
0.274344
0.278002
0.281097
0.283629
0.285599
0.287005
0.287850
0.288131
0.287850
0.287006
0.285599
0.283629
0.281097
0.278002
0.274345
0.270124
0.265341
0.259996
0.254087
0.247616
0.240582
0.232985
0.224826
0.216104
0.206819
0.196971
0.186560
0.175587
0.164051
0.151952
0.139290
0.126065
0.112277
0.097927
0.083013
0.067537
0.051497
0.034895
0.017729
0.000000
0.000000
0.020914
0.041163
0.060749
0.079670
0.097927
0.115519
0.132448
0.148713
0.164314
0.179250
0.193523
0.207132
0.220077
0.232357
0.243975
0.254928
0.265217
0.274842
0.283804
0.292101
0.299735
0.306705
0.313011
0.318654
0.323632
0.327947
0.331598
0.334585
0.336909
0.338568
0.339564
0.339896
0.339564
0.338568
0.336909
0.334586
0.331599
0.327948
0.323633
0.318654
0.313012
0.306706
0.299736
0.292102
0.283804
0.274843
0.265217
0.254928
0.243975
0.232358
0.220077
0.207132
0.193523
0.179251
0.164314
0.148713
0.132449
0.115520
0.097927
0.079670
0.060749
0.041163
0.020914
0.000000
0.000000
0.023979
0.047195
0.069651
0.091345
0.112277
0.132448
0.151858
0.170506
0.188393
0.205519
0.221883
0.237486
0.252328
0.266409
0.279728
0.292287
0.304084
0.315120
0.325395
0.334908
0.343661
0.351652
0.358883
0.365352
0.371060
0.376007
0.380193
0.383618
0.386282
0.388185
0.389327
0.389707
0.389327
0.388185
0.386283
0.383619
0.380194
0.376008
0.371061
0.365353
0.358884
0.351653
0.343662
0.334909
0.325395
0.315120
0.304084
0.292287
0.279729
0.266409
0.252329
0.237487
0.221884
0.205519
0.188393
0.170506
0.151858
0.132448
0.112277
0.091345
0.069651
0.047196
0.023979
0.000000
0.000000
0.026923
0.052991
0.078204
0.102562
0.126065
0.148713
0.170506
0.191445
0.211528
0.230757
0.249131
0.266650
0.283315
0.299125
0.314080
0.328181
0.341426
0.353818
0.365354
0.376036
0.385864
0.394837
0.402955
0.410219
0.416628
0.422183
0.426883
0.430728
0.433719
0.435856
0.437138
0.437565
0.437138
0.435856
0.433720
0.430729
0.426884
0.422184
0.416629
0.410220
0.402956
0.394838
0.385865
0.376037
0.365355
0.353818
0.341427
0.328181
0.314081
0.299125
0.283316
0.266651
0.249131
0.230757
0.211529
0.191445
0.170506
0.148713
0.126065
0.102562
0.078204
0.052991
0.026923
0.000000
0.000000
0.029747
0.058550
0.086408
0.113321
0.139289
0.164313
0.188393
0.211528
0.233719
0.254965
0.275267
0.294624
0.313037
0.330505
0.347029
0.362609
0.377245
0.390936
0.403683
0.415485
0.426344
0.436258
0.445228
0.453254
0.460336
0.466473
0.471666
0.475915
0.479220
0.481581
0.482997
0.483469
0.482998
0.481581
0.479221
0.475916
0.471667
0.466474
0.460337
0.453255
0.445230
0.436260
0.426345
0.415487
0.403684
0.390937
0.377245
0.362610
0.347030
0.330506
0.313037
0.294624
0.275267
0.254965
0.233719
0.211529
0.188393
0.164314
0.139290
0.113321
0.086408
0.058550
0.029747
0.000000
0.000000
0.032451
0.063872
0.094262
0.123622
0.151951
0.179250
0.205519
0.230757
0.254965
0.278142
0.300290
0.321407
0.341493
0.360550
0.378576
0.395573
0.411539
0.426475
0.440380
0.453256
0.465101
0.475917
0.485702
0.494458
0.502183
0.508879
0.514544
0.519179
0.522785
0.525360
0.526905
0.527420
0.526905
0.525361
0.522785
0.519180
0.514545
0.508880
0.502185
0.494459
0.485704
0.475919
0.465103
0.453257
0.440381
0.426475
0.411539
0.395573
0.378577
0.360551
0.341494
0.321407
0.300290
0.278143
0.254965
0.230757
0.205519
0.179251
0.151952
0.123622
0.094262
0.063872
0.032451
0.000000
0.000000
0.035035
0.068958
0.101768
0.133465
0.164050
0.193523
0.221883
0.249131
0.275266
0.300290
0.324200
0.346999
0.368685
0.389259
0.408721
0.427071
0.444308
0.460433
0.475447
0.489347
0.502136
0.513813
0.524378
0.533830
0.542171
0.549399
0.555516
0.560520
0.564413
0.567193
0.568861
0.569417
0.568862
0.567194
0.564414
0.560522
0.555517
0.549401
0.542173
0.533832
0.524380
0.513815
0.502138
0.489349
0.475448
0.460434
0.444309
0.427072
0.408722
0.389260
0.368686
0.346999
0.324201
0.300290
0.275267
0.249131
0.221884
0.193523
0.164051
0.133465
0.101768
0.068958
0.035035
0.000000
0.000000
0.037499
0.073807
0.108924
0.142851
0.175586
0.207131
0.237486
0.266650
0.294624
0.321406
0.346999
0.371401
0.394612
0.416633
0.437464
0.457104
0.475554
0.492813
0.508882
0.523760
0.537448
0.549946
0.561254
0.571371
0.580299
0.588035
0.594582
0.599939
0.604105
0.607081
0.608866
0.609462
0.608866
0.607081
0.604106
0.599940
0.594584
0.588037
0.580301
0.571374
0.561256
0.549949
0.537450
0.523762
0.508883
0.492814
0.475555
0.457105
0.437465
0.416634
0.394613
0.371401
0.346999
0.321407
0.294624
0.266651
0.237487
0.207132
0.175587
0.142851
0.108924
0.073807
0.037499
0.000000
0.000000
0.039842
0.078419
0.115731
0.151778
0.186560
0.220076
0.252328
0.283315
0.313036
0.341493
0.368685
0.394612
0.419274
0.442671
0.464804
0.485671
0.505274
0.523612
0.540686
0.556494
0.571038
0.584317
0.596331
0.607081
0.616566
0.624787
0.631742
0.637434
0.641860
0.645022
0.646919
0.647552
0.646920
0.645023
0.641861
0.637435
0.631744
0.624788
0.616568
0.607084
0.596334
0.584319
0.571040
0.556496
0.540687
0.523614
0.505276
0.485673
0.464805
0.442673
0.419275
0.394613
0.368686
0.341494
0.313037
0.283315
0.252329
0.220077
0.186560
0.151778
0.115731
0.078419
0.039842
0.000000
0.000000
0.042065
0.082795
0.122189
0.160248
0.196970
0.232357
0.266409
0.299124
0.330505
0.360550
0.389259
0.416633
0.442671
0.467374
0.490742
0.512774
0.533471
0.552832
0.570858
0.587549
0.602904
0.616925
0.629609
0.640959
0.650974
0.659653
0.666997
0.673006
0.677679
0.681018
0.683021
0.683689
0.683021
0.681019
0.677681
0.673007
0.666999
0.659655
0.650976
0.640962
0.629612
0.616927
0.602907
0.587551
0.570860
0.552834
0.533473
0.512776
0.490743
0.467376
0.442673
0.416634
0.389260
0.360551
0.330506
0.299125
0.266409
0.232358
0.196971
0.160248
0.122189
0.082795
0.042066
0.000000
0.000000
0.044169
0.086935
0.128298
0.168259
0.206818
0.243974
0.279728
0.314080
0.347029
0.378576
0.408721
0.437463
0.464803
0.490742
0.515277
0.538411
0.560143
0.580472
0.599400
0.616925
0.633048
0.647770
0.661089
0.673006
0.683521
0.692634
0.700346
0.706655
0.711562
0.715068
0.717171
0.717872
0.717171
0.715069
0.711564
0.706657
0.700348
0.692637
0.683524
0.673009
0.661092
0.647772
0.633051
0.616928
0.599402
0.580475
0.560145
0.538413
0.515279
0.490743
0.464805
0.437465
0.408722
0.378577
0.347030
0.314081
0.279729
0.243975
0.206818
0.168260
0.128298
0.086935
0.044169
0.000000
0.000000
0.046151
0.090837
0.134058
0.175813
0.216103
0.254927
0.292286
0.328180
0.362609
0.395572
0.427070
0.457103
0.485671
0.512773
0.538411
0.562584
0.585291
0.606533
0.626311
0.644622
0.661470
0.676852
0.690769
0.703221
0.714209
0.723731
0.731789
0.738381
0.743509
0.747172
0.749369
0.750102
0.749370
0.747173
0.743511
0.738383
0.731791
0.723734
0.714212
0.703224
0.690772
0.676855
0.661473
0.644625
0.626313
0.606535
0.585293
0.562586
0.538413
0.512776
0.485673
0.457105
0.427072
0.395574
0.362610
0.328181
0.292287
0.254928
0.216103
0.175814
0.134058
0.090838
0.046152
0.000000
0.000000
0.048014
0.094504
0.139469
0.182909
0.224825
0.265216
0.304083
0.341426
0.377244
0.411538
0.444307
0.475553
0.505273
0.533470
0.560142
0.585291
0.608914
0.631014
0.651590
0.670641
0.688168
0.704171
0.718650
0.731605
0.743036
0.752943
0.761326
0.768184
0.773519
0.777329
0.779616
0.780378
0.779616
0.777330
0.773520
0.768186
0.761328
0.752945
0.743039
0.731608
0.718654
0.704175
0.688172
0.670644
0.651593
0.631017
0.608917
0.585293
0.560145
0.533473
0.505276
0.475555
0.444310
0.411540
0.377246
0.341427
0.304085
0.265217
0.224826
0.182910
0.139469
0.094504
0.048014
0.000000
0.000000
0.049757
0.097933
0.144530
0.189547
0.232984
0.274842
0.315119
0.353817
0.390935
0.426474
0.460433
0.492812
0.523611
0.552831
0.580472
0.606533
0.631014
0.653916
0.675238
0.694981
0.713144
0.729729
0.744733
0.758158
0.770004
0.780270
0.788957
0.796065
0.801593
0.805541
0.807911
0.808701
0.807911
0.805542
0.801594
0.796066
0.788959
0.780273
0.770007
0.758161
0.744736
0.729732
0.713148
0.694984
0.675241
0.653919
0.631017
0.606535
0.580475
0.552834
0.523614
0.492814
0.460435
0.426476
0.390937
0.353819
0.315121
0.274843
0.232985
0.189548
0.144530
0.097934
0.049757
0.000000
0.000000
0.051379
0.101126
0.149243
0.195727
0.240581
0.283803
0.325394
0.365354
0.403682
0.440380
0.475446
0.508881
0.540685
0.570857
0.599399
0.626310
0.651589
0.675238
0.697256
0.717642
0.736398
0.753523
0.769016
0.782879
0.795111
0.805712
0.814682
0.822021
0.827730
0.831808
0.834255
0.835070
0.834255
0.831809
0.827732
0.822023
0.814685
0.805715
0.795114
0.782883
0.769020
0.753526
0.736401
0.717645
0.697259
0.675241
0.651592
0.626312
0.599402
0.570860
0.540687
0.508883
0.475448
0.440382
0.403684
0.365355
0.325395
0.283804
0.240582
0.195728
0.149243
0.101127
0.051379
0.000000
0.000000
0.052881
0.104083
0.153606
0.201450
0.247615
0.292101
0.334908
0.376036
0.415485
0.453255
0.489347
0.523759
0.556493
0.587548
0.616924
0.644622
0.670641
0.694981
0.717642
0.738625
0.757929
0.775555
0.791501
0.805769
0.818359
0.829270
0.838502
0.846056
0.851931
0.856128
0.858647
0.859486
0.858647
0.856129
0.851933
0.846058
0.838504
0.829273
0.818362
0.805773
0.791504
0.775558
0.757932
0.738628
0.717645
0.694984
0.670644
0.644625
0.616927
0.587551
0.556495
0.523762
0.489349
0.453258
0.415487
0.376038
0.334909
0.292102
0.247616
0.201450
0.153606
0.104083
0.052881
0.000000
0.000000
0.054263
0.106803
0.157620
0.206714
0.254086
0.299734
0.343660
0.385863
0.426343
0.465101
0.502135
0.537447
0.571037
0.602903
0.633047
0.661469
0.688167
0.713144
0.736398
0.757929
0.777737
0.795823
0.812187
0.826828
0.839746
0.850943
0.860416
0.868167
0.874196
0.878502
0.881086
0.881948
0.881087
0.878504
0.874198
0.868169
0.860418
0.850945
0.839750
0.826831
0.812190
0.795826
0.777740
0.757932
0.736400
0.713147
0.688170
0.661471
0.633050
0.602906
0.571039
0.537450
0.502138
0.465103
0.426345
0.385865
0.343662
0.299735
0.254087
0.206715
0.157621
0.106803
0.054263
0.000000
0.000000
0.055525
0.109287
0.161285
0.211521
0.259994
0.306704
0.351651
0.394836
0.436257
0.475916
0.513812
0.549945
0.584315
0.616923
0.647768
0.676851
0.704170
0.729728
0.753522
0.775554
0.795823
0.814330
0.831074
0.846055
0.859274
0.870731
0.880424
0.888355
0.894524
0.898931
0.901575
0.902456
0.901575
0.898932
0.894526
0.888358
0.880427
0.870733
0.859277
0.846058
0.831077
0.814333
0.795826
0.775557
0.753524
0.729730
0.704173
0.676853
0.647771
0.616926
0.584318
0.549948
0.513814
0.475918
0.436259
0.394837
0.351653
0.306705
0.259995
0.211522
0.161286
0.109287
0.055525
0.000000
0.000000
0.056666
0.111534
0.164601
0.215870
0.265340
0.313010
0.358882
0.402954
0.445227
0.485701
0.524377
0.561253
0.596330
0.629608
0.661087
0.690767
0.718649
0.744731
0.769015
0.791500
0.812186
0.831073
0.848162
0.863451
0.876942
0.888634
0.898527
0.906621
0.912917
0.917414
0.920112
0.921012
0.920113
0.917415
0.912919
0.906624
0.898530
0.888637
0.876945
0.863455
0.848165
0.831076
0.812189
0.791503
0.769018
0.744734
0.718652
0.690770
0.661090
0.629610
0.596332
0.561255
0.524379
0.485703
0.445229
0.402955
0.358883
0.313011
0.265341
0.215871
0.164602
0.111534
0.056667
0.000000
0.000000
0.057688
0.113544
0.167568
0.219761
0.270123
0.318652
0.365351
0.410218
0.453253
0.494457
0.533829
0.571370
0.607079
0.640957
0.673004
0.703219
0.731603
0.758156
0.782878
0.805768
0.826827
0.846054
0.863450
0.879016
0.892749
0.904652
0.914724
0.922964
0.929374
0.933952
0.936699
0.937615
0.936700
0.933953
0.929376
0.922967
0.914727
0.904656
0.892754
0.879019
0.863454
0.846058
0.826830
0.805771
0.782880
0.758159
0.731606
0.703222
0.673007
0.640960
0.607081
0.571372
0.533831
0.494459
0.453254
0.410219
0.365352
0.318654
0.270124
0.219762
0.167569
0.113544
0.057688
0.000000
0.000000
0.058589
0.115318
0.170186
0.223195
0.274343
0.323631
0.371059
0.416626
0.460334
0.502182
0.542169
0.580297
0.616564
0.650971
0.683518
0.714206
0.743034
0.770001
0.795109
0.818357
0.839745
0.859273
0.876941
0.892749
0.906697
0.918786
0.929015
0.937384
0.943894
0.948544
0.951334
0.952264
0.951335
0.948546
0.943897
0.937388
0.929019
0.918791
0.906702
0.892753
0.876945
0.859276
0.839748
0.818360
0.795112
0.770004
0.743037
0.714209
0.683522
0.650974
0.616566
0.580298
0.542171
0.502184
0.460336
0.416628
0.371060
0.323632
0.274344
0.223196
0.170187
0.115318
0.058589
0.000000
0.000000
0.059370
0.116855
0.172455
0.226170
0.278000
0.327946
0.376006
0.422181
0.466471
0.508877
0.549398
0.588033
0.624784
0.659650
0.692632
0.723728
0.752940
0.780267
0.805710
0.829268
0.850941
0.870729
0.888632
0.904651
0.918786
0.931036
0.941402
0.949883
0.956479
0.961191
0.964018
0.964960
0.964019
0.961193
0.956482
0.949886
0.941405
0.931041
0.918791
0.904656
0.888637
0.870732
0.850944
0.829270
0.805712
0.780270
0.752943
0.723731
0.692634
0.659652
0.624786
0.588035
0.549399
0.508878
0.466473
0.422182
0.376007
0.327947
0.278001
0.226171
0.172456
0.116856
0.059370
0.000000
0.000000
0.060031
0.118156
0.174375
0.228688
0.281095
0.331596
0.380191
0.426881
0.471664
0.514542
0.555514
0.594580
0.631740
0.666994
0.700343
0.731785
0.761322
0.788954
0.814679
0.838499
0.860414
0.880423
0.898525
0.914723
0.929015
0.941402
0.951883
0.960458
0.967128
0.971892
0.974751
0.975704
0.974752
0.971894
0.967130
0.960461
0.951886
0.941406
0.929020
0.914727
0.898530
0.880426
0.860417
0.838502
0.814682
0.788956
0.761325
0.731788
0.700345
0.666996
0.631741
0.594581
0.555515
0.514543
0.471666
0.426882
0.380193
0.331597
0.281096
0.228689
0.174376
0.118156
0.060031
0.000000
0.000000
0.060572
0.119220
0.175946
0.230748
0.283627
0.334583
0.383616
0.430726
0.475913
0.519177
0.560518
0.599936
0.637431
0.673002
0.706652
0.738378
0.768181
0.796061
0.822019
0.846053
0.868165
0.888354
0.906621
0.922964
0.937385
0.949883
0.960459
0.969111
0.975841
0.980648
0.983532
0.984494
0.983533
0.980649
0.975843
0.969113
0.960461
0.949886
0.937388
0.922967
0.906624
0.888357
0.868168
0.846056
0.822021
0.796064
0.768183
0.738380
0.706653
0.673004
0.637432
0.599937
0.560519
0.519178
0.475914
0.430727
0.383617
0.334584
0.283628
0.230749
0.175946
0.119221
0.060572
0.000000
0.000000
0.060992
0.120048
0.177168
0.232350
0.285597
0.336907
0.386280
0.433717
0.479218
0.522782
0.564410
0.604102
0.641857
0.677676
0.711559
0.743505
0.773515
0.801589
0.827727
0.851929
0.874194
0.894524
0.912917
0.929374
0.943895
0.956480
0.967129
0.975842
0.982618
0.987458
0.990363
0.991331
0.990363
0.987459
0.982619
0.975843
0.967130
0.956482
0.943897
0.929376
0.912919
0.894526
0.874197
0.851931
0.827729
0.801591
0.773517
0.743507
0.711560
0.677677
0.641858
0.604102
0.564411
0.522783
0.479219
0.433718
0.386281
0.336907
0.285597
0.232351
0.177168
0.120048
0.060993
0.000000
0.000000
0.061293
0.120640
0.178040
0.233495
0.287003
0.338566
0.388183
0.435854
0.481578
0.525357
0.567190
0.607077
0.645019
0.681014
0.715064
0.747168
0.777325
0.805538
0.831804
0.856125
0.878501
0.898930
0.917414
0.933952
0.948544
0.961191
0.971893
0.980648
0.987458
0.992322
0.995241
0.996214
0.995241
0.992323
0.987459
0.980650
0.971894
0.961193
0.948546
0.933954
0.917416
0.898932
0.878502
0.856127
0.831806
0.805539
0.777327
0.747169
0.715065
0.681015
0.645020
0.607078
0.567191
0.525358
0.481579
0.435854
0.388184
0.338567
0.287004
0.233495
0.178041
0.120640
0.061293
0.000000
0.000000
0.061473
0.120994
0.178564
0.234182
0.287848
0.339562
0.389325
0.437135
0.482995
0.526902
0.568858
0.608863
0.646916
0.683017
0.717167
0.749365
0.779611
0.807906
0.834250
0.858643
0.881084
0.901574
0.920112
0.936699
0.951334
0.964018
0.974751
0.983532
0.990362
0.995241
0.998168
0.999144
0.998168
0.995242
0.990364
0.983534
0.974752
0.964020
0.951336
0.936701
0.920114
0.901576
0.881086
0.858645
0.834252
0.807909
0.779613
0.749366
0.717168
0.683018
0.646916
0.608863
0.568859
0.526903
0.482995
0.437136
0.389325
0.339562
0.287848
0.234182
0.178564
0.120994
0.061473
0.000000
0.000000
0.061533
0.121113
0.178738
0.234410
0.288129
0.339894
0.389705
0.437563
0.483467
0.527417
0.569414
0.609458
0.647548
0.683685
0.717868
0.750097
0.780373
0.808696
0.835066
0.859482
0.881945
0.902455
0.921011
0.937614
0.952264
0.964960
0.975703
0.984493
0.991330
0.996213
0.999144
1.000121
0.999144
0.996215
0.991332
0.984495
0.975706
0.964963
0.952266
0.937616
0.921014
0.902458
0.881948
0.859485
0.835068
0.808698
0.780375
0.750098
0.717868
0.683685
0.647548
0.609458
0.569414
0.527418
0.483467
0.437563
0.389705
0.339894
0.288129
0.234411
0.178739
0.121113
0.061533
0.000000
0.000000
0.061473
0.120994
0.178564
0.234182
0.287848
0.339562
0.389324
0.437135
0.482995
0.526902
0.568859
0.608863
0.646916
0.683017
0.717166
0.749364
0.779611
0.807906
0.834251
0.858643
0.881084
0.901574
0.920112
0.936698
0.951334
0.964018
0.974751
0.983532
0.990362
0.995241
0.998168
0.999144
0.998169
0.995242
0.990364
0.983534
0.974754
0.964021
0.951337
0.936702
0.920115
0.901577
0.881087
0.858646
0.834253
0.807909
0.779613
0.749366
0.717167
0.683017
0.646915
0.608863
0.568858
0.526902
0.482995
0.437136
0.389325
0.339562
0.287848
0.234182
0.178564
0.120994
0.061473
0.000000
0.000000
0.061293
0.120640
0.178040
0.233495
0.287003
0.338566
0.388183
0.435854
0.481578
0.525358
0.567190
0.607077
0.645018
0.681014
0.715063
0.747167
0.777324
0.805537
0.831804
0.856125
0.878501
0.898930
0.917414
0.933952
0.948544
0.961191
0.971892
0.980648
0.987458
0.992322
0.995241
0.996214
0.995242
0.992324
0.987460
0.980651
0.971896
0.961195
0.948548
0.933956
0.917418
0.898934
0.878504
0.856129
0.831807
0.805540
0.777327
0.747169
0.715064
0.681014
0.645019
0.607077
0.567190
0.525358
0.481579
0.435854
0.388183
0.338566
0.287004
0.233495
0.178040
0.120640
0.061293
0.000000
0.000000
0.060992
0.120048
0.177167
0.232350
0.285597
0.336907
0.386280
0.433717
0.479218
0.522782
0.564410
0.604102
0.641857
0.677676
0.711558
0.743504
0.773514
0.801588
0.827727
0.851929
0.874195
0.894524
0.912917
0.929374
0.943895
0.956480
0.967128
0.975841
0.982617
0.987458
0.990363
0.991331
0.990363
0.987460
0.982620
0.975844
0.967132
0.956484
0.943899
0.929378
0.912922
0.894528
0.874198
0.851933
0.827730
0.801592
0.773517
0.743506
0.711560
0.677676
0.641857
0.604102
0.564410
0.522782
0.479218
0.433718
0.386280
0.336907
0.285597
0.232350
0.177168
0.120048
0.060992
0.000000
0.000000
0.060572
0.119220
0.175946
0.230748
0.283627
0.334583
0.383616
0.430726
0.475913
0.519177
0.560518
0.599936
0.637431
0.673002
0.706651
0.738377
0.768180
0.796061
0.822019
0.846054
0.868166
0.888355
0.906622
0.922965
0.937386
0.949884
0.960458
0.969111
0.975841
0.980648
0.983533
0.984495
0.983534
0.980650
0.975844
0.969115
0.960463
0.949888
0.937390
0.922969
0.906626
0.888359
0.868170
0.846058
0.822023
0.796064
0.768183
0.738379
0.706653
0.673003
0.637431
0.599936
0.560518
0.519177
0.475914
0.430727
0.383616
0.334583
0.283627
0.230748
0.175946
0.119220
0.060572
0.000000
0.000000
0.060031
0.118156
0.174375
0.228688
0.281095
0.331596
0.380191
0.426881
0.471664
0.514542
0.555514
0.594580
0.631739
0.666993
0.700342
0.731785
0.761322
0.788954
0.814680
0.838501
0.860415
0.880424
0.898527
0.914725
0.929017
0.941403
0.951883
0.960458
0.967128
0.971893
0.974752
0.975705
0.974753
0.971895
0.967132
0.960462
0.951888
0.941407
0.929021
0.914729
0.898531
0.880428
0.860419
0.838504
0.814684
0.788957
0.761325
0.731788
0.700344
0.666995
0.631740
0.594579
0.555513
0.514542
0.471664
0.426881
0.380192
0.331597
0.281095
0.228688
0.174375
0.118156
0.060031
0.000000
0.000000
0.059370
0.116855
0.172455
0.226170
0.278000
0.327945
0.376005
0.422181
0.466471
0.508877
0.549398
0.588033
0.624784
0.659649
0.692631
0.723728
0.752940
0.780268
0.805710
0.829269
0.850942
0.870730
0.888634
0.904653
0.918788
0.931038
0.941403
0.949883
0.956480
0.961192
0.964019
0.964962
0.964021
0.961194
0.956483
0.949887
0.941406
0.931041
0.918791
0.904657
0.888637
0.870733
0.850944
0.829272
0.805713
0.780271
0.752943
0.723730
0.692633
0.659651
0.624785
0.588033
0.549397
0.508877
0.466471
0.422181
0.376006
0.327946
0.278000
0.226170
0.172455
0.116855
0.059370
0.000000
0.000000
0.058589
0.115318
0.170186
0.223194
0.274342
0.323630
0.371058
0.416626
0.460334
0.502181
0.542169
0.580296
0.616563
0.650970
0.683518
0.714206
0.743034
0.770002
0.795110
0.818358
0.839746
0.859274
0.876942
0.892750
0.906699
0.918788
0.929017
0.937385
0.943895
0.948545
0.951335
0.952266
0.951336
0.948547
0.943898
0.937389
0.929020
0.918791
0.906702
0.892753
0.876944
0.859276
0.839748
0.818360
0.795112
0.770005
0.743037
0.714208
0.683520
0.650972
0.616564
0.580296
0.542168
0.502181
0.460334
0.416626
0.371059
0.323631
0.274343
0.223194
0.170186
0.115318
0.058589
0.000000
0.000000
0.057688
0.113544
0.167568
0.219761
0.270122
0.318652
0.365350
0.410217
0.453252
0.494456
0.533828
0.571369
0.607078
0.640956
0.673003
0.703219
0.731604
0.758157
0.782879
0.805769
0.826827
0.846055
0.863451
0.879016
0.892750
0.904653
0.914724
0.922965
0.929374
0.933952
0.936699
0.937616
0.936701
0.933955
0.929377
0.922968
0.914728
0.904656
0.892753
0.879019
0.863454
0.846057
0.826829
0.805770
0.782880
0.758158
0.731606
0.703221
0.673005
0.640958
0.607079
0.571369
0.533828
0.494456
0.453252
0.410217
0.365350
0.318652
0.270122
0.219761
0.167568
0.113544
0.057688
0.000000
0.000000
0.056666
0.111533
0.164601
0.215869
0.265339
0.313009
0.358881
0.402953
0.445226
0.485700
0.524375
0.561251
0.596329
0.629607
0.661087
0.690767
0.718649
0.744732
0.769016
0.791501
0.812187
0.831074
0.848162
0.863452
0.876943
0.888634
0.898528
0.906622
0.912918
0.917414
0.920113
0.921013
0.920114
0.917417
0.912920
0.906625
0.898530
0.888636
0.876944
0.863454
0.848164
0.831075
0.812187
0.791501
0.769016
0.744733
0.718650
0.690769
0.661088
0.629608
0.596329
0.561252
0.524375
0.485700
0.445226
0.402953
0.358881
0.313010
0.265339
0.215870
0.164601
0.111533
0.056666
0.000000
0.000000
0.055525
0.109286
0.161285
0.211520
0.259993
0.306703
0.351650
0.394834
0.436256
0.475915
0.513810
0.549944
0.584314
0.616922
0.647768
0.676851
0.704171
0.729728
0.753523
0.775555
0.795824
0.814330
0.831074
0.846056
0.859275
0.870731
0.880425
0.888356
0.894525
0.898932
0.901575
0.902457
0.901576
0.898933
0.894527
0.888358
0.880426
0.870732
0.859276
0.846057
0.831075
0.814331
0.795824
0.775554
0.753522
0.729728
0.704171
0.676851
0.647768
0.616923
0.584315
0.549944
0.513811
0.475915
0.436256
0.394835
0.351651
0.306704
0.259993
0.211521
0.161285
0.109286
0.055525
0.000000
0.000000
0.054263
0.106803
0.157619
0.206713
0.254085
0.299733
0.343659
0.385861
0.426342
0.465099
0.502134
0.537445
0.571035
0.602902
0.633047
0.661469
0.688168
0.713144
0.736398
0.757930
0.777738
0.795824
0.812187
0.826829
0.839747
0.850943
0.860417
0.868168
0.874196
0.878503
0.881086
0.881947
0.881086
0.878503
0.874197
0.868169
0.860417
0.850944
0.839747
0.826829
0.812187
0.795823
0.777737
0.757928
0.736397
0.713143
0.688167
0.661468
0.633047
0.602902
0.571035
0.537446
0.502134
0.465099
0.426342
0.385862
0.343659
0.299733
0.254085
0.206714
0.157620
0.106803
0.054263
0.000000
0.000000
0.052881
0.104082
0.153605
0.201449
0.247614
0.292099
0.334906
0.376034
0.415483
0.453253
0.489345
0.523757
0.556491
0.587546
0.616923
0.644621
0.670641
0.694981
0.717642
0.738626
0.757930
0.775555
0.791502
0.805770
0.818359
0.829270
0.838503
0.846056
0.851931
0.856128
0.858646
0.859485
0.858646
0.856128
0.851931
0.846057
0.838503
0.829270
0.818359
0.805769
0.791501
0.775554
0.757928
0.738623
0.717640
0.694979
0.670639
0.644621
0.616923
0.587547
0.556491
0.523757
0.489345
0.453254
0.415483
0.376034
0.334906
0.292100
0.247614
0.201449
0.153605
0.104083
0.052881
0.000000
0.000000
0.051379
0.101126
0.149242
0.195726
0.240580
0.283802
0.325392
0.365352
0.403680
0.440378
0.475444
0.508879
0.540683
0.570856
0.599398
0.626309
0.651589
0.675238
0.697256
0.717643
0.736399
0.753523
0.769017
0.782880
0.795112
0.805713
0.814683
0.822022
0.827730
0.831807
0.834253
0.835069
0.834253
0.831807
0.827730
0.822022
0.814683
0.805712
0.795111
0.782878
0.769015
0.753521
0.736396
0.717640
0.697253
0.675236
0.651587
0.626308
0.599398
0.570856
0.540683
0.508878
0.475444
0.440378
0.403681
0.365352
0.325393
0.283802
0.240580
0.195726
0.149242
0.101126
0.051379
0.000000
0.000000
0.049756
0.097933
0.144529
0.189546
0.232983
0.274840
0.315117
0.353815
0.390933
0.426472
0.460431
0.492810
0.523609
0.552830
0.580470
0.606532
0.631014
0.653915
0.675238
0.694982
0.713145
0.729729
0.744733
0.758159
0.770004
0.780270
0.788957
0.796064
0.801592
0.805541
0.807909
0.808699
0.807910
0.805541
0.801592
0.796064
0.788956
0.780270
0.770003
0.758157
0.744731
0.729726
0.713142
0.694978
0.675235
0.653913
0.631011
0.606530
0.580470
0.552829
0.523609
0.492809
0.460430
0.426471
0.390933
0.353815
0.315118
0.274840
0.232983
0.189546
0.144529
0.097933
0.049756
0.000000
0.000000
0.048014
0.094503
0.139468
0.182908
0.224823
0.265215
0.304082
0.341424
0.377242
0.411536
0.444305
0.475550
0.505271
0.533468
0.560141
0.585290
0.608914
0.631014
0.651590
0.670641
0.688169
0.704172
0.718651
0.731606
0.743037
0.752943
0.761325
0.768184
0.773518
0.777328
0.779614
0.780376
0.779614
0.777328
0.773518
0.768183
0.761324
0.752941
0.743034
0.731603
0.718648
0.704168
0.688165
0.670638
0.651586
0.631010
0.608911
0.585287
0.560140
0.533467
0.505271
0.475550
0.444305
0.411535
0.377242
0.341424
0.304081
0.265215
0.224823
0.182908
0.139468
0.094503
0.048014
0.000000
0.000000
0.046151
0.090837
0.134057
0.175812
0.216101
0.254926
0.292284
0.328178
0.362606
0.395569
0.427068
0.457101
0.485669
0.512772
0.538410
0.562582
0.585290
0.606532
0.626310
0.644622
0.661470
0.676852
0.690770
0.703222
0.714209
0.723731
0.731788
0.738381
0.743508
0.747170
0.749367
0.750100
0.749367
0.747170
0.743507
0.738379
0.731786
0.723729
0.714206
0.703219
0.690766
0.676848
0.661466
0.644618
0.626306
0.606529
0.585287
0.562579
0.538407
0.512770
0.485668
0.457100
0.427067
0.395569
0.362606
0.328178
0.292284
0.254925
0.216101
0.175812
0.134057
0.090837
0.046151
0.000000
0.000000
0.044168
0.086934
0.128297
0.168258
0.206816
0.243972
0.279726
0.314077
0.347026
0.378573
0.408718
0.437460
0.464801
0.490739
0.515276
0.538410
0.560142
0.580472
0.599399
0.616925
0.633048
0.647770
0.661089
0.673006
0.683521
0.692634
0.700345
0.706654
0.711561
0.715066
0.717169
0.717870
0.717169
0.715065
0.711560
0.706652
0.700343
0.692632
0.683518
0.673002
0.661085
0.647765
0.633044
0.616920
0.599395
0.580467
0.560138
0.538407
0.515273
0.490738
0.464800
0.437460
0.408717
0.378573
0.347026
0.314077
0.279726
0.243972
0.206816
0.168258
0.128297
0.086934
0.044168
0.000000
0.000000
0.042065
0.082794
0.122188
0.160246
0.196969
0.232355
0.266406
0.299122
0.330502
0.360547
0.389256
0.416630
0.442668
0.467372
0.490740
0.512772
0.533469
0.552831
0.570857
0.587549
0.602904
0.616925
0.629610
0.640960
0.650974
0.659653
0.666996
0.673005
0.677678
0.681016
0.683019
0.683686
0.683019
0.681015
0.677676
0.673002
0.666994
0.659649
0.650970
0.640955
0.629605
0.616920
0.602899
0.587544
0.570853
0.552827
0.533465
0.512769
0.490737
0.467370
0.442667
0.416629
0.389255
0.360546
0.330502
0.299122
0.266406
0.232355
0.196968
0.160246
0.122188
0.082794
0.042065
0.000000
0.000000
0.039842
0.078419
0.115730
0.151777
0.186558
0.220074
0.252326
0.283312
0.313033
0.341490
0.368682
0.394609
0.419271
0.442669
0.464801
0.485670
0.505273
0.523611
0.540685
0.556493
0.571037
0.584317
0.596331
0.607081
0.616566
0.624786
0.631742
0.637433
0.641859
0.645020
0.646917
0.647550
0.646917
0.645019
0.641857
0.637430
0.631739
0.624783
0.616562
0.607077
0.596326
0.584312
0.571032
0.556488
0.540680
0.523606
0.505269
0.485666
0.464799
0.442667
0.419270
0.394608
0.368681
0.341489
0.313033
0.283312
0.252325
0.220074
0.186558
0.151776
0.115730
0.078418
0.039842
0.000000
0.000000
0.037498
0.073806
0.108923
0.142849
0.175585
0.207129
0.237484
0.266647
0.294621
0.321403
0.346996
0.371398
0.394609
0.416630
0.437461
0.457102
0.475552
0.492811
0.508880
0.523759
0.537448
0.549947
0.561254
0.571372
0.580298
0.588035
0.594581
0.599937
0.604103
0.607079
0.608864
0.609459
0.608864
0.607078
0.604102
0.599935
0.594578
0.588031
0.580294
0.571366
0.561249
0.549941
0.537443
0.523754
0.508875
0.492807
0.475548
0.457098
0.437458
0.416628
0.394607
0.371396
0.346995
0.321403
0.294620
0.266647
0.237483
0.207129
0.175584
0.142849
0.108923
0.073806
0.037498
0.000000
0.000000
0.035035
0.068957
0.101767
0.133464
0.164048
0.193521
0.221881
0.249128
0.275263
0.300286
0.324197
0.346996
0.368682
0.389257
0.408719
0.427069
0.444306
0.460432
0.475445
0.489347
0.502136
0.513813
0.524378
0.533831
0.542171
0.549399
0.555515
0.560519
0.564412
0.567192
0.568860
0.569415
0.568859
0.567190
0.564410
0.560517
0.555512
0.549395
0.542166
0.533825
0.524373
0.513808
0.502131
0.489342
0.475441
0.460428
0.444302
0.427065
0.408716
0.389254
0.368681
0.346995
0.324196
0.300286
0.275263
0.249128
0.221880
0.193521
0.164048
0.133464
0.101766
0.068957
0.035035
0.000000
0.000000
0.032451
0.063871
0.094261
0.123621
0.151950
0.179248
0.205516
0.230754
0.254962
0.278139
0.300286
0.321404
0.341491
0.360547
0.378574
0.395571
0.411537
0.426473
0.440379
0.453255
0.465101
0.475917
0.485703
0.494458
0.502183
0.508879
0.514543
0.519179
0.522784
0.525359
0.526904
0.527418
0.526903
0.525357
0.522782
0.519176
0.514540
0.508874
0.502178
0.494453
0.485697
0.475912
0.465096
0.453250
0.440375
0.426469
0.411533
0.395567
0.378571
0.360545
0.341489
0.321402
0.300285
0.278138
0.254961
0.230754
0.205516
0.179248
0.151949
0.123620
0.094261
0.063871
0.032451
0.000000
0.000000
0.029747
0.058549
0.086407
0.113319
0.139288
0.164312
0.188391
0.211525
0.233716
0.254962
0.275263
0.294621
0.313034
0.330503
0.347027
0.362607
0.377243
0.390934
0.403682
0.415485
0.426343
0.436258
0.445228
0.453254
0.460336
0.466473
0.471666
0.475915
0.479219
0.481580
0.482996
0.483468
0.482995
0.481578
0.479217
0.475912
0.471662
0.466469
0.460331
0.453249
0.445223
0.436253
0.426339
0.415480
0.403677
0.390931
0.377239
0.362604
0.347024
0.330500
0.313032
0.294620
0.275263
0.254961
0.233715
0.211525
0.188390
0.164311
0.139288
0.113319
0.086406
0.058549
0.029747
0.000000
0.000000
0.026923
0.052990
0.078203
0.102560
0.126063
0.148711
0.170504
0.191442
0.211525
0.230754
0.249128
0.266647
0.283312
0.299123
0.314078
0.328179
0.341425
0.353816
0.365353
0.376035
0.385863
0.394836
0.402954
0.410219
0.416628
0.422182
0.426882
0.430728
0.433719
0.435855
0.437137
0.437564
0.437136
0.435853
0.433716
0.430725
0.426879
0.422178
0.416624
0.410214
0.402950
0.394832
0.385859
0.376031
0.365349
0.353813
0.341421
0.328176
0.314075
0.299120
0.283311
0.266647
0.249127
0.230753
0.211525
0.191442
0.170504
0.148711
0.126063
0.102560
0.078203
0.052990
0.026923
0.000000
0.000000
0.023978
0.047195
0.069650
0.091343
0.112276
0.132446
0.151856
0.170504
0.188391
0.205516
0.221881
0.237484
0.252326
0.266407
0.279727
0.292285
0.304082
0.315118
0.325393
0.334907
0.343660
0.351651
0.358882
0.365352
0.371060
0.376007
0.380193
0.383618
0.386281
0.388184
0.389326
0.389706
0.389325
0.388183
0.386279
0.383615
0.380190
0.376003
0.371056
0.365348
0.358878
0.351648
0.343656
0.334904
0.325390
0.315115
0.304079
0.292282
0.279724
0.266405
0.252325
0.237483
0.221880
0.205516
0.188390
0.170503
0.151855
0.132446
0.112276
0.091343
0.069650
0.047195
0.023978
0.000000
0.000000
0.020914
0.041163
0.060748
0.079669
0.097925
0.115518
0.132446
0.148711
0.164311
0.179248
0.193521
0.207129
0.220074
0.232356
0.243973
0.254926
0.265215
0.274841
0.283802
0.292100
0.299734
0.306704
0.313010
0.318653
0.323632
0.327946
0.331597
0.334584
0.336908
0.338567
0.339563
0.339894
0.339562
0.338566
0.336906
0.334582
0.331595
0.327943
0.323628
0.318650
0.313007
0.306701
0.299731
0.292097
0.283799
0.274838
0.265213
0.254923
0.243971
0.232354
0.220073
0.207129
0.193520
0.179247
0.164311
0.148711
0.132446
0.115518
0.097925
0.079669
0.060748
0.041163
0.020914
0.000000
0.000000
0.017729
0.034894
0.051497
0.067536
0.083012
0.097925
0.112276
0.126063
0.139288
0.151949
0.164048
0.175585
0.186558
0.196969
0.206817
0.216102
0.224824
0.232983
0.240580
0.247614
0.254086
0.259994
0.265340
0.270123
0.274344
0.278001
0.281096
0.283628
0.285598
0.287004
0.287848
0.288129
0.287848
0.287003
0.285596
0.283626
0.281094
0.277999
0.274341
0.270120
0.265337
0.259991
0.254083
0.247612
0.240577
0.232981
0.224822
0.216099
0.206815
0.196967
0.186557
0.175584
0.164048
0.151949
0.139287
0.126063
0.112275
0.097925
0.083012
0.067536
0.051496
0.034894
0.017729
0.000000
0.000000
0.014424
0.028389
0.041896
0.054945
0.067536
0.079669
0.091343
0.102560
0.113319
0.123620
0.133464
0.142849
0.151777
0.160246
0.168258
0.175812
0.182908
0.189546
0.195727
0.201449
0.206714
0.211521
0.215870
0.219762
0.223195
0.226171
0.228689
0.230749
0.232351
0.233496
0.234182
0.234411
0.234182
0.233495
0.232350
0.230747
0.228687
0.226169
0.223193
0.219759
0.215868
0.211519
0.206712
0.201447
0.195724
0.189544
0.182906
0.175810
0.168257
0.160245
0.151776
0.142849
0.133463
0.123620
0.113319
0.102560
0.091343
0.079668
0.067536
0.054945
0.041896
0.028389
0.014424
0.000000
0.000000
0.010998
0.021647
0.031946
0.041896
0.051497
0.060748
0.069650
0.078203
0.086406
0.094261
0.101767
0.108923
0.115730
0.122188
0.128297
0.134057
0.139468
0.144530
0.149242
0.153606
0.157620
0.161285
0.164601
0.167569
0.170187
0.172456
0.174376
0.175946
0.177168
0.178041
0.178564
0.178739
0.178564
0.178040
0.177167
0.175945
0.174374
0.172454
0.170185
0.167567
0.164600
0.161284
0.157618
0.153604
0.149240
0.144528
0.139466
0.134056
0.128296
0.122187
0.115730
0.108922
0.101766
0.094261
0.086406
0.078203
0.069650
0.060748
0.051496
0.041896
0.031946
0.021647
0.010998
0.000000
0.000000
0.007453
0.014668
0.021647
0.028389
0.034894
0.041163
0.047195
0.052990
0.058549
0.063871
0.068957
0.073806
0.078419
0.082795
0.086934
0.090837
0.094503
0.097933
0.101126
0.104083
0.106803
0.109286
0.111534
0.113544
0.115318
0.116856
0.118157
0.119221
0.120049
0.120640
0.120995
0.121113
0.120994
0.120639
0.120048
0.119220
0.118155
0.116854
0.115317
0.113543
0.111532
0.109285
0.106802
0.104082
0.101125
0.097932
0.094502
0.090836
0.086933
0.082794
0.078418
0.073806
0.068957
0.063871
0.058549
0.052990
0.047195
0.041163
0.034894
0.028389
0.021647
0.014668
0.007453
0.000000
0.000000
0.003787
0.007453
0.010998
0.014424
0.017729
0.020914
0.023978
0.026923
0.029747
0.032451
0.035035
0.037498
0.039842
0.042065
0.044168
0.046151
0.048014
0.049756
0.051379
0.052881
0.054263
0.055525
0.056666
0.057688
0.058589
0.059370
0.060031
0.060572
0.060993
0.061293
0.061473
0.061533
0.061473
0.061293
0.060992
0.060572
0.060031
0.059370
0.058589
0.057687
0.056666
0.055524
0.054262
0.052880
0.051378
0.049756
0.048013
0.046151
0.044168
0.042065
0.039842
0.037498
0.035035
0.032451
0.029747
0.026923
0.023978
0.020914
0.017729
0.014424
0.010998
0.007453
0.003787
0.000000
0.000000
0.000000
0.000000
0.000000
0.000000
0.000000
0.000000
0.000000
0.000000
0.000000
0.000000
0.000000
0.000000
0.000000
0.000000
0.000000
0.000000
0.000000
0.000000
0.000000
0.000000
0.000000
0.000000
0.000000
0.000000
0.000000
0.000000
0.000000
0.000000
0.000000
0.000000
0.000000
0.000000
0.000000
0.000000
0.000000
0.000000
0.000000
0.000000
0.000000
0.000000
0.000000
0.000000
0.000000
0.000000
0.000000
0.000000
0.000000
0.000000
0.000000
0.000000
0.000000
0.000000
0.000000
0.000000
0.000000
0.000000
0.000000
0.000000
0.000000
0.000000
0.000000
0.000000
0.000000
0.000000
