MeshVersionFormatted 1

Dimension
2

Identifier
";2, Date: 24/01/18 14:39 02s"

Geometry
"square.gmsh"

Vertices
138
0 0 4
0.1 0 1
0 0.1 4
0.2 0 1
0.3 0 1
0.133333332821 0.0666666661544 0
0 0.2 4
0.0999999994878 0.15 0
0.4 0 1
0.333333332821 0.0666666661544 0
0.239999999283 0.079999999078 0
0.5 0 1
0.199999999488 0.199999999488 0
0 0.3 4
0.119999999898 0.239999999283 0
0.428571428059 0.0714285709163 0
0.357142856631 0.142857142345 0
0.285714285202 0.214285713773 0
0.8 0 1
0.6 0 1
0.7 0 1
0 0.4 4
0.571428570916 0.0714285709163 0
0.499999999488 0.0999999994878 0
0.214285713773 0.285714285202 0
0.133333332821 0.333333332821 0
0.499999999488 0.199999999488 0
0.428571432157 0.171428571941 0
0.357142856631 0.276190475678 0
0.291071425882 0.325595239248 0
0 0.5 4
1 0 2
0.9 0 1
0.866666666154 0.0666666661544 0
0.759999999693 0.119999999898 0
0.666666666154 0.133333332821 0
0.0714285709163 0.428571428059 0
0.583333365091 0.216666636957 0
0.224999998207 0.374999999744 0
0.178571427547 0.446428570148 0
0.499999999488 0.299999999488 0
0.428571428059 0.338095237583 0
0.357142856631 0.392857141833 0
0 0.6 4
0.0714285709163 0.571428570916 0
1 0.1 2
0.933333332821 0.133333332821 0
0.849999998976 0.15 0
0.666666675375 0.233333331797 0
0.75 0.199999999488 0
0.178571427547 0.553571427803 0
0.595238094726 0.295238094726 0
0.285714285202 0.464285713261 0
0.499999999488 0.399999999488 0
0.428571428059 0.446428570148 0
0 0.7 4
0.133333332821 0.666666666154 0
0.224999997183 0.625000001281 0
1 0.2 2
0.924999999232 0.224999999232 0
0.690476189964 0.323809522273 0
0.866666666154 0.266666666154 0
0.785714285202 0.285714285202 0
0.316666664618 0.583333334358 0
0.642857142345 0.392857141833 0
0.571428570916 0.446428570148 0
0.408333332053 0.541666666411 0
0.499999999488 0.499999999488 0
0 0.8 4
0.144642856246 0.744642856246 0
0.0749999997439 0.774999999744 0
0.214285713773 0.714285713773 0
0.309523809012 0.709523807987 0
1 0.3 2
0.933333332821 0.333333332821 0
0.767857142089 0.392857141833 0
0.857142856631 0.357142856631 0
0.406547617127 0.623214284306 0
0.732142855862 0.464285713261 0
0.642857142345 0.499999998463 0
0.571428570916 0.553571427803 0
0.499999999488 0.599999999488 0
0.199999999488 0.799999999488 0
0 0.9 4
0.0666666661544 0.866666666154 0
0.15 0.849999998976 0
0.266666666154 0.833333332821 0
0.40476190425 0.704761903225 0
0.333333332821 0.783333332309 0
1 0.4 2
0.928571428059 0.428571428059 0
0.839285713517 0.446428570148 0
0.499999999488 0.699999999488 0
0.821428570404 0.53571428469 0
0.727678569572 0.540178569956 0
0.595238094726 0.704761903225 0
0.642857142345 0.607142856118 0
0 1 4
0.1 1 3
0.15 0.924999999232 0
0.239999999283 0.919999999898 0
0.357142856631 0.857142856631 0
0.333333332821 0.933333332821 0
0.499999999488 0.799999999488 0
0.428571428059 0.778571427547 0
1 0.5 2
0.928571428059 0.571428570916 0
0.571428570916 0.778571427547 0
0.803571427291 0.624999999232 0
0.723214284306 0.616071427675 0
0.666666666154 0.783333332309 0
0.690476189964 0.709523809012 0
0.3 1 3
0.2 1 3
0.4 1 3
0.428571428059 0.928571428059 0
0.499999999488 0.899999999488 0
0.571428570916 0.928571428059 0
1 0.6 2
0.916666666667 0.666666666154 0
0.642857142345 0.857142856631 0
0.785714285202 0.714285713773 0
0.75 0.799999999488 0
0.5 1 3
0.6 1 3
0.666666666154 0.933333332821 0
0.879999999078 0.759999999693 0
1 0.7 2
0.774999999744 0.924999999232 0
0.819999999898 0.839999999283 0
0.7 1 3
0.8 1 3
0.899999999488 0.849999998976 0
1 0.8 2
0.85 0.924999999232 0
0.9 1 3
1 0.9 2
1 1 3

Edges
40
3 1 4
7 3 4
14 7 4
22 14 4
31 22 4
44 31 4
56 44 4
69 56 4
84 69 4
98 84 4
138 136 3
136 132 3
132 131 3
131 125 3
125 124 3
124 115 3
115 113 3
113 114 3
114 99 3
99 98 3
32 46 2
46 59 2
59 74 2
74 90 2
90 106 2
106 119 2
119 128 2
128 134 2
134 137 2
137 138 2
1 2 1
2 4 1
4 5 1
5 9 1
9 12 1
12 20 1
20 21 1
21 19 1
19 33 1
33 32 1

Triangles
234
1 2 3 0
6 13 8 0
4 11 6 0
6 11 13 0
3 6 8 0
2 4 6 0
4 5 11 0
15 13 25 0
14 15 26 0
8 13 15 0
3 8 7 0
3 2 6 0
9 16 10 0
15 14 7 0
16 9 12 0
8 15 7 0
5 10 11 0
38 24 23 0
11 17 18 0
28 24 27 0
23 12 20 0
18 25 13 0
28 41 29 0
45 37 51 0
42 29 41 0
54 42 41 0
43 29 42 0
78 88 73 0
67 78 64 0
67 82 78 0
30 29 43 0
39 30 43 0
39 25 30 0
49 50 63 0
61 52 49 0
77 76 63 0
76 92 79 0
52 41 38 0
17 28 29 0
38 36 49 0
52 38 49 0
27 24 38 0
30 25 18 0
28 27 41 0
16 28 17 0
16 24 28 0
63 62 77 0
20 21 36 0
91 90 106 0
91 75 90 0
120 109 107 0
77 75 91 0
48 62 50 0
60 75 62 0
60 74 75 0
124 115 116 0
10 5 9 0
17 10 16 0
17 11 10 0
32 46 33 0
47 46 59 0
48 47 60 0
48 34 47 0
60 47 59 0
48 50 35 0
48 60 62 0
19 34 35 0
34 46 47 0
74 60 59 0
74 90 75 0
34 19 33 0
46 34 33 0
48 35 34 0
36 35 50 0
49 36 50 0
23 20 36 0
38 23 36 0
24 12 23 0
21 19 35 0
123 122 130 0
81 82 68 0
65 79 80 0
97 82 81 0
97 96 82 0
123 112 122 0
123 121 111 0
108 93 96 0
104 93 108 0
88 105 89 0
122 109 120 0
96 93 82 0
112 111 96 0
121 118 108 0
81 68 66 0
122 120 127 0
106 107 91 0
106 119 107 0
107 119 120 0
54 52 65 0
12 24 16 0
36 21 35 0
128 120 119 0
137 138 136 0
135 133 137 0
135 136 132 0
129 135 132 0
130 133 135 0
133 134 137 0
136 135 137 0
130 127 133 0
129 130 135 0
131 129 132 0
131 126 129 0
127 120 128 0
129 123 130 0
105 88 93 0
117 105 104 0
102 89 105 0
57 58 72 0
105 93 104 0
58 64 73 0
78 93 88 0
67 55 68 0
82 67 68 0
64 53 67 0
73 64 78 0
39 40 26 0
58 51 64 0
58 57 51 0
107 92 91 0
95 97 80 0
122 110 109 0
112 97 110 0
61 65 52 0
94 92 107 0
92 77 91 0
76 61 63 0
94 79 92 0
65 61 76 0
80 81 66 0
65 80 66 0
95 110 97 0
79 95 80 0
79 94 95 0
109 110 95 0
107 109 94 0
122 112 110 0
112 96 97 0
66 54 65 0
80 97 81 0
76 79 65 0
94 109 95 0
68 54 66 0
76 77 92 0
61 49 63 0
41 52 54 0
41 27 38 0
50 62 63 0
62 75 77 0
111 112 123 0
108 111 121 0
108 96 111 0
129 121 123 0
118 126 125 0
130 122 127 0
127 134 133 0
117 118 124 0
118 125 124 0
104 108 117 0
126 131 125 0
121 126 118 0
121 129 126 0
127 128 134 0
118 117 108 0
116 117 124 0
116 105 117 0
113 103 115 0
51 57 45 0
55 67 53 0
73 72 58 0
73 87 72 0
116 102 105 0
116 103 102 0
87 101 86 0
89 102 87 0
73 89 87 0
73 88 89 0
103 101 87 0
115 103 116 0
113 114 101 0
18 13 11 0
22 26 37 0
22 14 26 0
25 26 15 0
55 54 68 0
82 93 78 0
43 42 55 0
17 29 18 0
42 54 55 0
18 29 30 0
98 84 99 0
85 69 71 0
85 84 69 0
86 85 71 0
86 100 85 0
71 56 57 0
71 69 56 0
83 87 86 0
71 70 86 0
72 87 83 0
85 100 99 0
70 72 83 0
57 70 71 0
57 72 70 0
101 114 100 0
45 44 31 0
102 103 87 0
56 44 57 0
100 114 99 0
84 85 99 0
86 101 100 0
86 70 83 0
103 113 101 0
37 31 22 0
40 51 37 0
26 40 37 0
39 53 40 0
25 39 26 0
53 64 51 0
43 53 39 0
43 55 53 0
45 31 37 0
40 53 51 0
57 44 45 0

SubDomainFromMesh
1
3 1 1 0

SubDomainFromGeom
1
2 1 1 0

VertexOnGeometricVertex
40
 1 1
 2 2
 3 3
 4 4
 5 5
 7 6
 9 7
 12 8
 14 9
 19 10
 20 11
 21 12
 22 13
 31 14
 32 15
 33 16
 44 17
 46 18
 56 19
 59 20
 69 21
 74 22
 84 23
 90 24
 98 25
 99 26
 106 27
 113 28
 114 29
 115 30
 119 31
 124 32
 125 33
 128 34
 131 35
 132 36
 134 37
 136 38
 137 39
 138 40

VertexOnGeometricEdge
0

EdgeOnGeometricEdge
40
1 1
2 2
3 3
4 4
5 5
6 6
7 7
8 8
9 9
10 10
11 11
12 12
13 13
14 14
15 15
16 16
17 17
18 18
19 19
20 20
21 21
22 22
23 23
24 24
25 25
26 26
27 27
28 28
29 29
30 30
31 31
32 32
33 33
34 34
35 35
36 36
37 37
38 38
39 39
40 40

End
